0 0
0 0
0 0
0 0
9 37
0 0
11 15
0 0
1 0
0 2
0 3
0 4
0 0
0 1
6 2
0 0
7 19
0 0
0 0
0 1
0 3
0 1
0 0
0 0
0 0
0 0
0 4
0 0
0 0
0 1
0 3
0 0
0 0
2 0
0 0
0 0
3 0
0 1
0 0
1 6
0 0
0 0
0 0
1 2
0 0
0 0
0 0
0 1
0 1
0 0
2 2
0 1
0 0
39 19
7 11
0 0
0 0
6 0
0 0
0 1
0 0
0 3
0 0
0 0
2 2
4 4
0 0
0 1
1 3
0 0
2 4
0 0
0 0
0 2
0 0
0 3
0 2
0 1
0 0
0 0
0 0
0 0
0 2
2 0
0 0
4 5
0 1
0 0
0 0
0 0
0 6
0 0
1 0
10 12
0 0
1 2
0 1
0 3
0 0
2 0
0 1
0 1
0 0
0 0
9 7
2 1
7 6
5 9
0 0
0 1
2 5
0 1
0 2
0 7
6 3
0 0
0 2
0 1
0 2
0 0
0 0
39 3
6 7
1 3
2 0
0 1
1 1
0 0
0 0
0 1
3 2
3 7
3 2
0 0
0 0
2 2
0 0
1 0
10 7
0 1
0 0
7 26
0 0
2 1
0 2
7 11
0 1
0 1
0 0
0 5
0 1
0 1
0 1
0 3
0 1
0 0
0 0
0 0
0 0
0 0
0 0
0 0
0 0
0 0
39 29
0 1
18 23
0 1
0 0
0 0
0 0
39 4
0 0
0 1
0 0
0 1
10 17
0 0
7 19
0 0
0 0
0 1
1 0
2 5
12 14
0 0
0 0
0 1
0 1
6 2
1 0
39 29
0 1
0 0
0 4
0 4
0 0
6 10
0 0
0 0
0 1
0 0
1 0
3 5
0 0
0 0
0 0
0 0
3 3
1 3
0 0
0 0
0 0
0 0
1 2
0 0
0 1
0 0
0 0
0 0
7 13
2 2
2 2
1 1
0 0
0 0
0 0
0 0
3 5
0 1
6 3
0 6
0 0
0 2
0 1
0 4
0 1
0 0
2 4
0 2
0 4
0 0
3 2
0 0
0 2
1 1
2 1
0 0
2 2
4 10
0 0
0 0
0 0
7 5
0 0
0 4
6 8
1 1
0 0
0 0
6 2
0 0
0 0
0 0
0 1
0 0
0 0
0 0
6 4
0 0
10 10
3 16
7 5
0 0
1 0
0 2
7 10
7 15
0 0
0 0
0 2
0 1
49 70
0 0
0 1
2 0
0 0
0 1
1 4
0 0
0 0
2 3
0 0
0 1
0 0
0 1
0 2
0 1
0 0
0 0
0 0
0 0
0 0
0 0
0 0
5 3
0 3
1 0
3 1
0 0
18 19
0 5
0 0
0 1
0 2
0 1
0 2
1 0
0 1
0 2
7 3
4 8
0 0
1 3
1 1
2 2
0 0
2 1
0 4
0 4
1 1
0 0
0 0
0 0
0 1
0 2
0 0
0 3
18 21
0 6
0 0
0 2
0 0
0 2
0 1
0 0
0 0
0 2
0 0
1 2
0 0
0 1
2 7
0 0
1 2
0 0
0 0
0 0
0 0
0 1
0 0
1 0
0 0
0 0
0 0
0 1
0 0
0 1
0 0
6 2
0 1
0 1
0 0
0 0
0 2
7 8
12 35
0 1
0 0
0 0
0 0
0 0
0 0
0 1
1 2
0 0
0 1
0 0
0 0
0 0
0 0
0 0
45 43
0 0
0 0
0 0
1 1
0 0
0 1
0 0
0 0
12 21
0 3
0 1
0 1
0 2
2 0
0 0
0 0
1 0
0 1
0 0
1 3
4 3
0 0
0 1
0 0
14 16
0 0
2 5
0 8
0 1
0 0
2 3
0 0
0 0
0 0
0 1
0 0
0 0
0 0
1 2
0 0
0 0
0 0
0 0
7 6
0 0
0 0
0 0
0 0
0 0
0 0
0 0
0 2
1 3
0 3
0 0
0 0
0 0
0 0
0 1
49 91
0 1
0 0
0 0
0 1
0 2
2 7
0 3
5 4
0 0
0 0
0 0
2 7
0 0
0 0
2 7
2 2
0 0
0 0
5 2
0 0
0 0
0 3
0 0
0 1
0 0
0 0
0 0
0 0
0 0
0 0
0 0
0 1
0 2
1 0
0 0
0 1
1 0
0 0
0 1
0 3
0 0
0 0
0 0
0 1
0 2
2 1
7 8
0 0
0 0
0 2
1 1
0 0
0 1
0 0
0 2
0 0
1 1
0 6
0 0
0 2
0 2
0 0
0 2
3 12
2 7
0 3
0 0
0 2
0 0
0 0
2 1
0 0
0 0
2 4
0 0
0 1
0 0
0 0
0 0
0 0
0 1
0 0
0 0
0 0
0 0
0 0
0 2
0 10
0 0
0 0
0 0
49 114
0 0
0 0
0 1
1 3
0 0
0 3
4 1
0 0
0 0
2 5
0 1
0 0
0 3
1 4
2 3
1 2
0 1
0 0
0 1
0 0
0 0
0 0
0 3
0 0
0 0
0 0
0 0
1 0
4 4
1 2
0 0
0 0
1 2
2 2
39 25
0 0
0 0
6 2
0 2
0 0
0 1
0 0
1 4
3 3
0 0
0 0
0 0
5 7
0 0
0 0
0 0
0 0
2 5
0 4
0 1
0 3
0 0
0 0
0 1
0 3
2 0
0 1
0 1
0 0
0 0
0 0
0 1
0 0
0 0
0 0
7 24
0 0
0 1
0 0
0 0
9 6
0 0
4 0
0 0
0 2
0 0
2 1
0 1
0 0
12 13
0 0
0 1
0 0
0 0
0 3
0 0
0 1
39 34
0 1
0 0
0 0
0 1
0 0
0 0
0 0
0 2
3 3
0 0
0 0
0 0
0 0
0 4
0 0
0 0
0 0
0 0
0 0
0 0
1 4
2 3
0 0
0 0
1 2
1 0
2 5
0 1
0 0
0 2
0 0
0 0
0 0
0 0
0 0
0 0
0 0
0 0
0 0
0 0
0 0
0 2
0 0
0 0
0 0
0 0
0 0
0 1
0 0
0 0
0 3
3 1
3 1
0 0
6 4
0 1
0 0
0 2
0 0
1 3
0 1
0 0
1 6
6 9
0 0
0 1
0 0
1 3
9 3
7 0
0 0
0 0
0 1
0 0
2 0
0 2
0 0
0 0
2 3
0 0
0 0
0 0
0 0
0 0
0 0
0 0
0 0
0 0
0 1
0 0
0 0
1 3
2 0
21 8
0 3
0 1
0 1
0 2
1 1
0 0
0 0
2 1
1 0
0 0
0 2
0 0
0 0
0 2
0 2
0 1
0 0
0 1
0 0
0 2
0 3
0 0
2 4
0 0
0 1
2 3
0 3
1 1
0 1
0 0
0 3
9 6
0 0
0 2
0 0
0 0
6 3
0 0
6 1
0 0
11 1
0 0
0 0
0 3
0 4
0 1
2 5
1 1
1 0
0 0
1 0
39 31
0 2
0 2
0 1
0 0
0 1
0 0
0 0
3 2
0 1
0 0
0 1
0 0
2 1
2 4
0 2
0 0
0 0
0 0
1 6
0 4
1 0
0 1
2 2
0 0
0 1
0 0
1 2
0 1
0 0
0 1
0 0
0 0
0 0
0 0
10 1
0 0
0 1
0 1
0 0
0 0
0 0
0 3
0 1
0 0
4 18
0 3
0 1
0 0
0 0
0 3
4 2
0 0
2 0
0 0
0 0
2 2
0 0
7 13
0 0
0 0
0 1
4 1
0 2
3 8
0 1
0 0
0 1
0 1
1 7
0 0
0 0
0 1
0 0
0 0
0 9
0 1
0 0
0 0
0 1
7 7
0 0
0 0
0 1
0 0
0 2
18 20
11 10
49 3
6 0
0 0
0 4
0 2
0 1
0 1
1 1
2 5
0 1
0 0
0 0
0 0
0 0
0 0
0 3
0 0
3 10
0 1
0 2
0 0
1 1
0 0
0 0
18 29
18 4
0 0
6 1
0 2
0 1
0 0
2 7
0 1
0 0
0 0
0 0
0 1
2 1
0 0
0 0
0 0
0 1
0 0
10 27
0 0
0 0
0 0
0 0
39 16
1 2
1 0
0 2
0 0
0 3
0 0
0 0
0 0
0 0
0 2
0 0
2 3
0 0
7 8
0 0
0 0
0 5
0 0
0 0
0 0
0 1
0 0
0 0
0 0
0 1
12 13
0 0
0 0
0 0
3 0
0 1
0 1
0 0
2 6
0 0
0 0
0 0
0 3
0 1
0 0
0 1
0 0
0 1
0 0
0 0
0 0
14 13
0 0
0 0
0 2
0 2
0 0
0 0
2 1
0 0
3 2
1 0
2 10
0 0
0 1
0 3
0 0
1 0
0 0
3 5
0 0
0 1
6 12
0 0
0 1
0 0
0 0
9 20
0 1
0 0
0 1
3 10
1 4
0 1
0 0
0 1
0 0
0 0
3 2
0 1
0 0
0 0
0 0
0 1
0 0
5 5
0 0
0 1
0 0
0 1
0 0
0 0
0 1
0 1
0 0
0 0
2 2
0 0
1 8
0 0
0 0
0 0
0 0
5 14
1 1
0 0
0 1
0 0
0 0
2 0
0 0
0 0
0 0
7 10
0 0
0 0
0 0
0 1
0 7
0 0
0 0
0 0
0 2
0 1
0 0
0 2
4 8
0 0
0 0
1 5
0 0
0 0
0 3
1 9
0 0
3 11
0 0
0 0
0 0
0 0
0 2
7 7
0 1
0 0
0 0
0 2
0 0
0 0
0 0
0 0
0 0
0 2
0 0
0 0
0 0
0 3
3 1
6 4
0 2
0 0
0 0
0 0
0 0
0 0
0 5
0 1
6 4
0 0
49 74
1 1
0 0
0 1
0 4
0 0
2 2
0 2
0 2
0 0
0 1
0 0
9 8
0 0
0 0
0 0
2 1
0 3
0 0
0 0
0 1
0 0
0 0
0 1
0 2
1 1
11 17
0 0
2 3
0 2
6 0
0 0
0 0
0 0
0 8
0 0
0 2
39 55
0 0
0 1
0 0
0 0
0 0
2 4
0 1
1 2
0 2
9 13
0 0
0 2
0 1
0 0
0 3
0 1
4 8
1 2
0 0
0 2
0 0
5 0
11 3
0 0
0 0
0 0
2 8
2 5
9 0
7 0
0 4
1 1
0 0
0 0
0 2
1 1
0 0
0 0
4 4
0 2
0 0
2 0
0 0
0 0
0 0
0 0
0 0
0 0
0 1
10 11
0 0
0 0
0 0
0 2
0 0
0 0
0 2
0 0
0 2
0 1
0 1
0 0
0 1
0 1
0 2
14 20
2 12
0 0
0 2
0 0
0 0
0 0
1 1
0 0
0 0
7 7
49 43
3 5
9 8
7 1
0 4
0 0
0 0
0 0
2 4
0 1
6 12
1 2
0 2
0 0
0 0
4 0
0 0
0 3
0 0
9 4
0 2
0 0
0 2
0 2
0 2
0 0
2 2
0 0
0 1
0 0
0 0
0 0
0 2
0 1
2 1
0 0
0 1
0 0
6 6
5 2
0 1
0 0
2 1
0 1
0 0
0 0
0 0
9 7
0 0
2 1
0 0
2 3
0 0
0 0
1 1
0 1
0 1
0 0
0 0
0 1
2 9
3 10
0 0
0 0
0 3
0 0
0 0
0 0
0 0
2 5
0 0
0 2
3 4
0 0
0 0
0 0
0 2
1 0
0 0
0 0
0 0
0 6
0 1
0 3
18 28
0 4
0 0
5 8
0 1
0 0
0 0
11 11
0 1
0 3
0 0
0 1
6 4
0 0
0 1
14 17
0 2
0 0
1 3
0 0
0 0
0 0
0 4
0 1
21 15
2 13
11 8
0 1
2 8
3 7
0 3
12 24
0 0
0 0
0 0
0 1
0 0
1 1
0 2
0 0
0 0
0 1
0 1
0 0
0 1
0 0
0 2
1 3
0 3
2 5
0 0
0 3
4 6
0 0
0 0
0 2
18 30
0 2
0 1
0 0
2 1
0 0
0 0
2 3
0 1
0 1
1 6
0 0
0 0
0 0
0 1
0 0
2 4
0 0
0 1
0 0
1 0
0 0
9 36
2 1
1 0
0 0
0 0
0 0
0 0
7 17
11 28
0 0
0 0
0 0
0 0
0 0
0 4
0 3
0 0
2 1
2 0
0 2
10 8
10 12
0 0
0 2
0 0
0 0
6 4
0 0
0 2
0 0
0 0
2 3
0 0
0 0
0 3
0 0
0 0
0 7
10 2
1 1
2 2
6 4
0 1
0 3
0 1
0 1
0 0
0 0
0 0
0 1
0 4
4 2
0 0
0 1
0 0
12 13
6 3
0 1
0 1
0 0
0 1
0 0
0 7
6 2
4 3
0 0
0 0
0 0
0 0
7 3
0 0
1 0
0 0
1 2
0 0
0 0
0 0
6 3
0 2
10 21
0 0
0 0
0 0
0 1
0 0
0 0
0 0
0 0
0 0
3 5
6 6
0 2
0 0
0 0
2 1
0 0
0 1
0 5
0 2
0 1
0 0
0 0
0 1
0 0
14 13
0 0
0 0
0 0
0 2
0 0
0 2
2 2
0 0
0 1
2 3
0 7
0 0
0 0
7 10
0 3
0 0
0 0
1 1
0 0
0 1
1 0
0 1
0 1
0 0
0 0
0 0
0 1
0 0
4 1
0 0
0 0
0 3
0 0
2 1
0 0
0 1
0 0
0 0
0 0
1 1
0 0
0 0
0 0
0 1
0 1
1 1
3 4
0 1
0 0
5 5
21 11
0 0
0 0
0 0
0 0
0 0
0 2
0 0
2 1
0 2
0 1
0 0
2 0
0 0
0 2
0 0
7 10
0 0
0 0
1 1
0 0
0 2
0 2
3 5
0 0
0 0
0 0
0 0
0 0
0 1
0 1
0 0
0 0
4 6
0 0
1 2
0 0
4 17
0 2
2 2
18 19
2 3
0 4
0 0
0 0
1 4
0 0
2 1
2 4
0 0
0 1
0 0
0 2
0 0
18 40
0 1
0 0
0 2
1 4
1 0
0 0
0 0
0 1
0 1
0 0
0 0
0 0
0 2
0 0
0 1
0 0
2 5
0 0
0 1
0 1
0 3
0 0
0 0
0 0
0 0
0 0
0 1
3 3
0 0
3 5
0 1
0 9
0 0
0 0
0 2
0 2
0 0
0 0
0 4
0 0
0 0
0 0
0 0
0 0
2 5
0 0
0 0
0 2
6 5
5 8
0 0
18 4
1 0
2 2
0 1
1 2
0 2
1 2
1 0
0 0
0 3
0 0
0 0
0 0
7 8
0 1
0 0
0 0
0 2
0 1
0 0
0 0
0 0
0 0
0 0
1 0
39 27
0 1
0 0
0 0
0 2
0 4
2 5
0 0
0 0
0 0
0 0
0 1
9 8
0 0
0 0
0 2
2 2
0 2
0 0
2 1
0 0
0 0
0 0
0 0
0 0
0 2
0 0
0 0
39 52
0 3
0 0
0 0
7 11
0 0
0 0
0 0
3 2
0 0
0 1
0 3
6 11
7 4
0 0
4 5
0 0
2 0
0 0
0 0
0 0
0 0
0 0
0 1
1 4
0 1
0 0
0 0
5 5
0 1
0 0
0 0
3 0
0 0
1 0
0 0
0 0
0 6
0 2
0 0
0 0
0 0
2 6
0 1
0 2
6 6
0 0
0 0
2 6
0 0
0 1
0 0
0 0
1 1
0 0
1 0
2 4
0 0
0 1
0 1
2 3
2 0
0 0
4 3
0 0
0 0
0 0
6 1
0 0
0 3
0 0
0 1
2 4
0 0
0 0
0 0
1 0
0 0
0 0
0 0
0 0
0 0
0 0
0 1
0 0
0 0
0 1
3 10
2 2
0 0
0 0
0 0
0 1
1 2
0 3
0 1
45 57
0 0
0 0
1 0
0 1
0 4
0 0
0 0
5 6
0 0
3 4
0 0
0 0
0 0
0 3
0 5
0 1
0 0
0 1
0 0
2 2
0 4
0 0
0 4
0 0
0 0
0 0
0 2
18 17
0 0
0 0
0 0
6 4
0 0
0 0
0 4
0 1
0 0
0 0
0 0
0 0
0 0
4 10
3 9
0 3
0 1
0 0
0 0
0 1
0 1
2 0
0 0
0 0
2 6
49 141
0 0
0 0
0 0
0 1
2 2
7 23
3 0
0 0
0 1
0 0
14 18
6 6
0 1
0 0
0 1
0 0
0 0
0 0
0 0
0 0
0 1
0 2
0 0
0 0
0 1
0 2
0 1
0 0
0 0
0 2
0 0
0 2
0 1
0 0
0 1
0 0
2 0
9 4
0 0
0 3
0 0
0 0
0 2
0 0
0 1
0 0
6 4
0 3
1 1
0 0
0 1
1 4
2 0
0 0
0 3
2 2
0 0
2 0
1 1
0 0
49 138
0 0
1 3
0 0
0 0
0 1
0 0
0 0
0 2
0 0
0 0
7 9
0 0
1 1
3 8
0 0
0 0
0 0
0 1
1 1
0 0
6 0
0 0
6 2
0 0
0 2
2 2
0 0
0 3
0 1
0 0
0 0
3 7
2 8
6 13
0 0
0 0
18 21
1 4
0 0
0 0
0 0
0 1
0 0
0 0
5 7
0 0
0 1
0 8
0 0
0 0
0 0
0 0
10 7
0 2
7 2
0 0
0 0
0 0
0 1
0 0
0 1
10 8
0 0
0 0
0 0
9 10
0 0
0 0
0 0
0 1
5 4
3 4
0 0
0 0
0 1
0 0
2 1
0 1
0 1
0 1
0 0
0 1
0 0
2 4
2 1
1 4
2 0
0 0
0 0
0 6
0 0
0 1
0 1
0 0
2 7
0 3
0 1
0 1
0 0
0 0
0 0
0 1
0 2
0 0
0 0
6 1
1 4
0 0
0 0
0 0
0 0
0 1
0 0
0 2
0 1
0 0
0 0
0 0
0 0
3 2
1 2
0 1
0 1
1 0
0 0
0 1
0 0
0 0
0 0
0 0
2 0
0 1
0 0
6 7
0 0
0 1
6 0
0 0
0 0
0 0
0 2
0 2
0 0
0 0
1 1
0 0
0 0
0 1
0 2
0 0
2 2
0 1
0 0
2 3
0 0
0 0
0 0
0 0
0 0
0 0
0 3
2 3
0 2
0 0
7 4
9 5
2 5
0 0
2 2
2 5
0 0
0 4
2 8
0 0
0 0
1 0
0 2
0 4
0 0
0 0
0 0
0 1
0 0
0 0
0 2
0 0
0 0
1 2
0 0
7 2
3 0
6 8
0 0
0 0
0 0
0 1
0 0
0 0
0 0
6 0
10 3
0 0
0 2
0 1
0 0
0 1
0 0
0 0
0 2
0 0
0 0
0 1
0 2
0 0
0 0
0 3
0 1
10 16
0 2
0 0
0 0
0 0
2 0
0 0
0 0
0 0
9 6
0 0
2 1
1 0
0 0
0 1
7 16
0 0
0 0
4 2
1 3
0 0
0 0
0 0
0 2
2 7
0 1
0 0
0 0
0 0
0 0
0 3
2 3
0 0
0 0
0 0
0 0
0 0
0 0
14 13
0 0
7 8
0 0
0 1
0 0
2 5
0 0
0 0
5 7
0 0
0 2
4 0
0 1
7 9
0 0
0 0
0 0
9 1
0 0
0 0
0 2
2 0
0 3
0 1
0 2
0 1
0 1
0 1
0 0
0 1
0 1
0 2
0 0
6 8
0 1
0 0
0 0
0 0
0 0
0 0
1 0
0 0
7 13
0 0
0 0
9 7
0 0
1 1
0 0
0 0
3 1
7 3
0 3
0 0
2 1
0 0
2 4
4 2
0 0
0 0
0 0
0 2
0 4
0 0
0 0
2 3
12 32
0 0
0 0
0 0
0 2
0 0
0 1
0 1
0 0
0 0
0 0
0 1
0 1
0 0
2 7
0 5
0 0
0 5
0 1
0 0
2 1
0 9
0 0
0 0
0 2
0 0
0 0
0 0
0 0
7 24
0 1
0 0
0 1
2 0
0 0
7 3
0 0
0 0
0 0
0 1
0 1
0 0
0 0
0 0
6 7
0 0
0 0
0 0
1 2
0 4
2 2
0 0
0 4
0 2
0 0
0 0
1 0
0 0
7 8
6 8
0 0
0 2
0 0
7 5
0 0
4 6
0 3
0 0
0 0
11 13
0 0
0 0
0 0
0 2
0 0
0 0
0 0
0 1
0 0
9 1
0 0
6 13
0 0
0 0
0 0
0 0
0 0
3 0
0 0
0 0
1 0
2 0
0 0
0 2
0 3
0 0
0 0
0 0
0 1
0 1
0 1
0 0
1 1
0 0
0 1
0 2
6 5
1 4
0 1
0 0
0 1
0 0
0 1
0 0
0 1
0 1
1 0
3 8
0 0
2 3
0 1
0 1
3 0
0 2
0 3
0 0
0 2
0 0
0 0
0 0
12 30
0 0
0 1
2 1
0 0
0 0
2 4
0 3
18 27
0 0
0 2
0 0
0 0
0 0
0 2
0 0
0 0
0 1
0 0
1 0
0 3
2 1
0 0
0 0
0 5
0 0
2 0
0 0
0 3
0 0
0 0
1 0
1 2
39 63
0 1
0 0
0 0
0 1
0 1
0 0
0 0
0 0
2 3
0 0
0 2
0 0
0 0
6 4
7 5
0 2
2 2
0 0
0 0
0 0
0 2
0 3
7 18
0 0
0 1
0 0
2 0
0 1
0 0
0 1
0 3
0 0
2 4
7 13
0 0
0 0
5 6
2 20
0 0
0 2
0 0
6 1
0 0
0 4
0 3
0 3
2 0
0 0
0 0
0 0
0 1
0 0
0 0
0 0
0 3
0 0
0 0
0 0
2 1
0 0
0 0
0 3
1 1
2 6
0 2
0 0
6 12
1 3
1 1
0 2
0 1
0 0
3 2
0 0
7 8
0 0
2 6
1 0
2 3
0 3
3 3
0 0
0 0
0 0
0 0
2 0
0 0
0 5
0 2
0 2
9 10
0 1
7 4
0 0
49 84
0 2
0 0
2 2
6 3
0 0
0 0
1 2
0 1
0 1
0 0
0 0
0 1
0 0
0 2
0 0
0 1
1 11
0 0
0 1
14 10
0 0
0 0
0 0
0 0
0 0
0 0
0 0
0 0
0 0
0 1
0 0
0 1
0 1
39 29
0 1
0 1
0 3
0 0
0 3
0 0
0 0
0 0
0 1
0 0
0 4
0 1
0 0
0 0
0 0
0 0
0 0
0 0
1 5
0 5
0 3
0 0
2 2
0 0
0 0
0 0
7 3
0 7
0 0
0 2
3 2
0 0
0 0
0 0
0 1
3 4
0 0
0 0
0 1
0 0
2 0
3 2
1 2
0 0
2 3
0 0
7 8
0 0
0 0
0 1
0 0
0 0
0 2
0 0
0 0
0 0
0 2
0 0
1 0
0 2
1 0
0 0
0 1
1 4
0 1
0 0
0 0
0 1
0 0
0 0
0 2
2 2
2 3
0 0
0 0
0 0
0 0
0 2
0 1
0 0
1 3
0 0
0 3
0 0
0 0
0 1
0 1
0 0
0 0
6 2
0 3
2 0
1 1
0 0
0 0
0 1
1 1
0 0
0 0
0 0
0 0
39 24
0 1
1 0
0 0
0 0
0 0
0 0
2 2
0 0
0 0
0 1
0 2
0 0
0 0
0 0
0 0
0 5
0 0
0 3
1 2
0 0
0 1
0 0
0 0
0 1
0 0
0 0
0 0
4 7
0 1
0 0
0 3
0 5
0 0
0 1
0 0
0 1
0 0
3 3
0 0
0 0
0 1
0 0
0 0
0 0
0 1
0 1
0 0
2 2
2 1
12 14
1 4
0 1
0 0
0 0
7 0
0 1
0 1
0 0
0 1
2 1
0 0
0 0
2 1
0 1
0 0
0 0
0 0
2 11
2 0
6 7
3 5
0 1
0 1
2 0
0 0
0 0
0 0
0 0
12 14
0 0
0 2
0 0
1 1
0 3
10 20
0 1
0 0
0 2
0 0
0 0
0 1
0 0
1 0
0 0
6 5
0 0
0 4
0 0
0 0
0 0
0 1
0 1
0 1
0 0
0 0
0 5
0 1
0 2
1 6
0 0
14 13
0 0
10 28
2 1
0 0
0 0
0 2
0 0
0 0
5 5
0 6
0 0
3 7
0 0
0 0
0 1
0 0
0 1
1 3
0 0
0 1
0 0
1 2
0 1
0 0
0 2
6 5
0 0
0 0
9 8
0 0
0 0
0 0
0 3
39 28
0 1
0 0
0 0
2 0
6 8
0 0
0 2
0 1
0 0
3 2
0 2
1 3
0 0
0 1
1 0
0 0
0 2
0 1
0 0
5 10
10 17
0 0
0 1
1 4
0 0
0 0
0 0
0 1
0 0
2 0
0 1
0 3
0 0
0 1
0 4
0 0
0 0
0 1
0 0
2 1
0 1
0 4
6 6
0 0
0 1
0 0
0 0
0 0
0 0
7 5
0 0
3 9
0 4
0 1
2 3
0 0
0 2
4 4
0 0
6 1
3 5
2 0
0 2
2 0
0 0
0 1
0 5
0 3
0 0
0 0
0 0
6 4
0 0
0 0
14 15
0 4
0 1
0 0
0 0
0 0
1 2
0 1
0 1
4 0
0 0
0 0
0 0
0 0
7 10
0 3
10 9
0 2
3 4
3 0
18 18
0 0
0 3
0 0
0 1
0 0
0 0
0 0
0 0
6 3
0 0
2 13
0 0
0 0
0 0
1 1
0 0
1 0
7 13
10 13
0 0
0 0
0 0
10 19
18 15
0 1
0 0
2 3
0 2
0 0
1 2
3 3
7 10
0 1
0 0
7 6
0 0
0 1
0 3
0 0
1 0
0 0
0 1
0 1
1 3
9 9
0 0
0 0
0 1
0 0
1 2
1 4
1 1
0 0
2 5
0 1
1 4
0 1
0 1
0 0
0 2
0 0
0 0
0 1
1 0
0 0
0 0
3 4
0 0
0 3
0 0
2 6
0 1
0 0
0 2
0 3
0 0
2 1
0 1
0 0
0 0
0 0
0 0
0 0
0 0
0 7
7 5
0 1
0 0
0 1
2 0
9 3
0 0
0 0
0 0
0 0
0 0
0 2
6 3
0 0
0 5
1 1
2 1
0 0
2 0
0 0
0 0
0 1
4 3
0 0
2 5
0 0
14 21
0 0
7 12
0 0
0 0
0 1
0 2
0 0
0 0
0 0
2 1
0 2
0 0
0 1
0 0
2 0
0 2
0 1
1 2
0 0
2 1
0 0
2 2
1 1
14 24
49 27
2 4
2 0
4 2
0 0
0 2
0 0
0 2
3 10
0 0
0 0
0 0
0 1
0 0
4 0
0 0
0 0
0 0
6 1
0 0
0 0
0 0
0 0
0 1
0 1
0 0
0 0
0 1
0 1
14 13
0 0
0 2
0 0
0 3
0 2
10 7
1 5
0 0
2 1
4 6
0 0
2 6
0 2
7 6
0 0
0 2
0 0
0 0
0 0
9 1
0 1
2 0
0 1
0 1
0 0
0 0
0 0
0 0
0 2
1 2
0 3
9 11
0 1
0 0
6 1
0 4
0 0
0 0
0 3
0 2
0 2
0 0
0 0
0 0
0 1
9 8
2 0
0 1
0 0
0 1
0 0
0 0
2 1
0 0
0 5
0 0
0 0
0 1
0 0
0 0
0 0
1 4
0 0
0 0
4 6
0 1
0 0
0 2
0 0
0 1
0 1
0 0
0 3
0 2
0 0
0 0
0 0
0 2
0 2
0 0
0 1
0 1
0 0
0 1
0 0
0 0
0 1
2 1
3 4
0 1
2 1
0 1
2 8
2 1
2 1
0 2
2 6
1 0
1 2
0 0
0 0
0 0
0 0
1 1
0 0
0 0
0 0
0 1
11 5
0 0
0 0
0 0
0 0
0 1
0 0
0 0
1 0
1 7
0 0
2 4
0 1
0 1
0 0
0 1
0 0
0 2
3 0
0 0
1 1
3 5
0 0
0 1
2 7
10 8
0 0
0 0
0 1
0 0
0 0
0 0
0 3
0 1
12 19
0 3
0 1
0 0
0 0
10 4
0 0
0 1
11 26
0 0
0 0
18 33
2 5
0 2
6 4
4 5
0 0
7 13
0 0
0 2
0 0
9 10
0 0
0 0
9 1
1 7
1 1
0 0
0 0
6 4
1 0
0 0
0 0
0 0
0 1
2 4
0 0
7 3
0 0
0 0
0 2
0 0
0 0
2 3
0 0
5 5
5 5
0 0
0 1
0 0
0 3
0 0
1 2
0 2
6 3
0 0
0 0
0 0
0 2
0 0
1 0
0 0
0 0
0 4
0 0
0 0
0 0
0 0
0 3
0 1
0 0
0 0
0 0
0 0
0 1
2 7
0 0
0 1
7 8
0 1
0 0
0 3
1 4
0 0
0 1
0 2
5 4
3 5
0 1
0 0
0 0
0 0
0 0
0 0
0 1
0 1
39 25
1 6
0 1
0 0
2 1
0 6
0 0
2 3
0 3
9 10
4 1
0 0
4 6
0 1
0 1
0 0
0 0
0 1
0 1
0 0
0 1
6 0
0 0
0 2
0 3
7 3
0 0
2 5
0 2
0 2
4 8
0 1
0 2
0 1
0 0
0 0
0 1
0 3
2 1
0 0
0 0
0 1
0 2
1 3
0 0
0 0
0 0
0 2
1 3
0 3
0 0
0 0
2 1
0 0
0 1
0 0
0 0
6 0
10 11
0 0
0 1
0 1
0 2
0 1
0 1
3 0
4 6
0 3
0 0
0 0
0 0
0 0
0 0
0 0
0 1
0 4
1 0
2 0
3 2
1 1
1 3
0 1
0 0
1 0
0 2
0 2
0 2
6 6
0 2
0 1
0 0
0 0
0 0
2 0
2 3
0 4
0 1
0 0
0 0
1 9
1 2
0 0
0 0
4 3
0 2
0 0
0 0
0 0
0 0
9 6
0 0
0 0
0 0
0 0
0 2
0 0
0 0
0 0
7 9
0 2
0 0
1 3
0 2
10 10
0 0
1 0
0 0
0 0
0 3
0 0
0 0
0 1
0 1
0 0
0 0
0 0
2 1
0 0
0 3
0 2
0 0
0 0
0 1
0 0
0 0
0 0
0 1
2 2
4 6
0 0
0 0
0 3
0 0
0 3
0 0
0 1
2 1
0 0
0 0
0 2
1 1
0 0
0 6
0 0
0 0
0 0
0 0
0 0
0 0
0 0
0 0
0 0
0 1
7 2
0 1
0 0
0 1
0 2
2 1
0 1
0 0
0 0
0 2
4 2
0 4
0 0
1 5
0 0
0 0
10 9
1 3
0 1
0 0
0 0
0 0
0 1
0 1
0 1
0 2
0 0
0 3
0 1
0 0
0 1
0 1
0 1
0 0
0 0
6 7
0 0
0 1
0 0
0 0
2 6
0 1
9 6
0 0
0 0
0 0
0 0
0 1
0 1
0 0
2 1
2 6
3 10
0 0
0 0
0 1
0 0
0 0
0 0
0 2
0 1
0 0
0 1
0 2
0 1
0 0
0 1
0 2
0 4
5 10
0 0
0 0
0 0
0 1
0 0
5 5
0 2
10 2
0 0
0 0
0 1
0 1
4 5
0 1
0 0
0 0
0 1
7 3
0 0
2 3
0 0
0 0
0 0
0 2
0 0
0 0
0 1
0 0
39 26
0 0
3 0
0 3
0 2
2 2
0 0
0 0
0 1
0 0
0 3
0 0
0 0
0 0
2 4
0 0
0 0
0 1
0 0
0 0
0 2
6 4
3 3
0 2
6 8
0 0
0 1
0 0
0 0
10 11
1 1
0 1
0 0
0 0
4 5
0 0
2 2
0 0
0 3
49 110
0 0
0 1
0 0
0 0
1 1
0 1
12 17
0 1
0 0
9 8
0 0
9 10
0 0
0 0
0 0
0 1
0 0
6 6
0 0
10 12
0 0
3 9
0 0
4 4
0 0
0 0
18 25
0 0
7 17
0 0
0 0
2 5
0 1
0 0
0 1
2 1
0 0
0 3
2 5
0 0
0 0
11 8
0 2
7 18
2 7
0 0
2 7
0 1
0 0
0 0
0 0
0 0
0 0
6 4
1 1
2 5
1 3
0 12
0 0
0 0
1 3
0 0
0 0
0 1
0 1
0 2
1 0
0 0
49 68
0 0
2 8
0 0
0 0
0 5
2 0
0 1
0 1
0 0
0 1
5 0
6 5
0 0
0 1
1 2
1 2
0 0
0 0
0 0
0 1
0 0
0 0
0 1
4 0
0 1
0 3
0 1
0 1
0 0
0 0
5 14
0 0
0 0
0 0
0 0
0 0
0 2
0 1
6 7
0 6
0 0
0 0
0 0
0 1
11 18
0 1
0 1
0 0
0 0
0 0
0 0
0 0
0 0
0 0
12 35
0 1
0 1
0 0
2 0
2 2
0 0
2 1
11 16
0 0
0 1
0 0
0 0
1 2
11 3
0 0
0 1
0 0
1 0
3 4
0 0
3 5
0 0
0 0
0 1
0 0
0 4
0 0
0 1
1 0
0 0
2 5
0 0
0 0
0 0
1 2
0 0
0 0
10 11
0 3
0 1
0 0
0 0
0 0
2 1
0 0
2 0
0 0
0 5
1 1
1 3
0 3
0 4
0 0
0 0
39 30
2 3
12 19
0 0
1 0
1 1
2 0
0 1
0 0
18 17
0 0
0 0
0 0
0 0
0 1
0 3
0 2
0 0
0 0
9 7
0 0
0 0
0 0
0 0
6 3
0 0
0 1
0 0
0 0
0 4
0 1
0 0
0 3
0 0
0 0
1 3
0 2
0 0
0 0
39 23
0 0
0 2
2 3
0 0
0 0
1 2
0 3
0 1
0 0
0 1
0 0
0 0
2 5
0 0
0 0
0 0
2 6
0 0
0 0
0 1
2 4
3 13
2 1
0 1
10 15
7 7
0 0
0 1
1 4
7 13
0 0
0 0
0 0
0 2
0 3
0 1
0 0
0 0
1 0
6 1
0 0
0 1
0 0
0 1
0 2
1 0
0 1
2 8
0 3
0 0
0 4
14 22
0 0
0 3
0 0
0 0
2 2
2 2
0 0
0 0
0 0
0 0
5 19
0 0
0 1
0 0
3 5
0 0
0 1
0 1
0 0
0 0
0 0
2 0
0 0
2 1
2 4
0 0
0 0
2 2
0 0
0 1
0 0
0 0
0 0
0 1
0 1
0 0
0 0
0 0
0 0
0 1
0 0
0 4
0 1
2 6
0 0
0 0
0 0
0 0
0 0
0 0
7 2
0 0
0 0
0 1
21 7
1 1
0 0
1 2
2 1
0 1
0 2
0 0
6 3
0 0
1 3
0 0
0 0
4 2
0 1
0 2
0 0
6 3
0 0
2 2
7 7
0 0
0 1
0 0
6 3
2 1
1 0
0 0
0 1
1 1
1 4
0 1
0 1
0 0
2 0
0 1
0 0
0 4
0 0
0 1
0 0
5 6
0 1
0 0
0 4
0 0
0 0
6 15
0 1
2 3
0 2
0 0
0 0
0 0
0 0
0 0
0 0
0 0
0 0
3 2
0 1
0 0
0 0
0 1
0 1
2 3
0 0
0 0
0 0
0 0
0 0
0 0
0 0
5 2
2 0
2 3
0 0
0 0
5 4
0 3
0 0
2 1
0 0
0 0
0 0
1 1
0 0
1 4
0 0
0 0
2 0
0 1
1 1
1 0
10 13
0 0
7 4
0 1
0 0
0 0
0 0
3 0
0 0
0 0
0 0
0 3
0 0
0 0
0 1
2 0
0 3
1 5
0 2
0 2
0 2
0 0
6 3
0 1
0 0
0 0
0 0
2 0
2 1
0 2
0 0
0 0
0 1
0 1
0 0
0 0
0 0
0 0
0 0
0 0
0 0
0 0
6 1
0 1
0 0
0 0
12 22
0 0
0 0
0 0
0 2
0 3
0 1
2 7
2 5
0 4
0 0
0 0
0 0
11 11
0 0
0 1
0 0
5 0
0 3
0 0
3 1
0 0
2 1
0 0
3 2
0 2
3 9
18 31
0 0
0 0
0 2
0 0
6 0
0 1
0 0
0 2
0 0
0 1
0 1
0 0
0 0
0 0
0 2
2 0
1 2
0 0
0 0
0 1
0 0
1 0
0 0
0 0
0 0
2 1
0 1
0 2
0 3
0 3
12 23
0 0
0 0
39 31
0 0
0 0
0 3
0 0
0 0
9 8
2 2
0 0
1 2
0 2
0 2
0 2
0 1
0 0
1 1
0 1
0 0
0 0
2 1
0 0
0 2
0 3
0 0
0 4
4 3
1 0
0 0
3 0
0 5
0 0
1 1
0 1
39 19
0 1
0 1
0 0
0 1
14 25
0 2
0 0
0 0
0 0
0 1
0 0
0 0
9 7
0 0
0 0
0 0
0 0
0 0
0 0
0 0
0 1
0 0
0 1
0 0
3 5
0 1
0 0
0 1
0 0
0 6
0 2
0 0
0 0
0 0
10 11
3 6
6 2
6 9
2 0
0 1
0 0
0 0
0 2
0 1
0 0
0 5
0 0
0 1
7 3
0 1
1 2
0 0
0 0
0 1
3 1
0 0
0 2
0 0
0 0
0 2
0 0
0 0
0 0
0 1
0 1
0 3
0 2
0 0
0 0
0 1
0 0
0 0
0 4
0 0
0 0
0 0
0 0
0 0
0 2
0 5
0 1
5 4
0 0
0 0
3 2
0 0
0 0
2 3
0 0
0 2
0 0
0 1
0 0
2 6
0 3
2 1
0 1
0 1
0 0
0 3
0 0
0 0
1 2
0 0
0 0
0 1
2 5
0 1
0 2
0 1
0 0
0 0
0 3
0 0
0 0
0 0
0 0
0 1
0 0
0 3
1 5
0 0
3 1
0 0
0 0
0 0
0 0
0 0
0 1
0 0
0 0
0 0
0 0
0 1
0 0
0 0
6 1
0 0
2 9
0 1
0 0
0 0
0 0
0 3
7 17
0 0
0 0
0 1
0 2
0 0
0 0
0 0
0 0
9 3
0 1
0 0
0 0
0 2
0 0
0 0
0 0
49 51
0 0
10 7
0 1
0 0
0 0
0 0
0 0
0 2
6 13
10 9
0 0
0 0
0 0
0 0
1 1
0 0
0 1
0 0
0 2
0 2
0 1
0 2
4 7
0 0
0 0
0 0
5 4
7 3
0 0
0 0
0 4
0 1
0 0
6 6
0 0
0 0
0 8
0 0
0 0
1 1
2 2
0 0
0 1
0 2
0 1
0 0
0 0
1 2
0 2
0 1
0 1
0 1
0 0
0 0
0 0
2 1
0 0
0 0
0 1
0 0
0 0
0 0
0 0
0 0
0 3
9 14
0 7
0 0
0 1
1 3
0 0
0 2
0 0
0 2
0 0
0 0
0 1
0 0
0 0
0 0
0 1
0 4
6 9
2 1
0 1
0 0
0 0
0 0
2 3
0 0
2 1
0 10
0 0
0 0
2 5
7 2
0 0
0 2
0 0
0 1
10 5
0 3
2 0
0 1
4 2
0 0
0 1
0 0
0 0
0 0
0 0
2 2
0 0
0 0
0 3
0 0
0 0
0 0
0 0
0 0
2 3
0 0
3 12
0 0
0 2
0 0
0 0
0 4
6 3
7 6
0 0
0 1
5 6
0 1
0 1
3 16
0 1
0 0
2 4
0 1
7 8
0 0
0 0
0 1
0 0
0 0
7 1
2 3
0 2
0 2
0 1
2 2
49 41
0 0
0 0
7 6
0 0
0 0
0 0
7 6
0 0
0 0
0 0
0 0
0 0
0 0
0 0
0 3
0 0
0 0
0 0
0 0
0 1
0 1
4 14
14 6
0 0
0 2
0 1
0 1
0 3
0 1
39 43
0 0
3 4
1 7
0 0
0 1
0 1
0 0
0 0
0 0
0 0
3 4
0 1
0 2
1 0
1 3
7 1
0 0
0 0
0 0
0 3
0 0
0 1
0 0
0 1
2 4
3 1
0 0
0 0
2 4
0 0
0 2
0 0
3 1
3 3
0 0
0 0
0 1
0 1
3 3
0 3
0 0
0 3
4 6
0 1
0 1
0 1
0 4
0 0
0 1
0 0
0 0
0 0
0 0
0 0
2 0
0 0
0 1
2 2
14 10
0 0
0 0
0 1
0 1
2 1
0 2
0 0
0 1
0 0
0 0
2 2
0 0
0 0
0 0
0 0
0 0
0 0
2 2
0 1
0 0
0 0
0 2
0 3
0 1
0 0
0 1
0 1
0 0
0 3
1 4
0 0
9 13
5 2
0 0
0 0
2 4
0 0
7 11
49 52
0 0
2 1
0 0
0 0
0 0
0 0
0 0
3 2
0 0
0 0
0 0
0 0
0 0
1 1
1 2
0 1
18 60
3 3
0 4
0 2
0 0
1 1
0 0
0 1
0 0
1 1
0 0
0 3
0 0
0 1
7 5
2 8
0 0
2 3
0 0
0 0
1 1
0 0
0 0
2 0
0 0
0 1
0 4
3 9
0 1
0 0
0 0
0 0
9 1
0 1
0 4
0 0
0 3
0 0
0 0
0 0
0 0
1 1
1 4
1 0
0 2
0 2
0 0
0 0
0 2
0 0
0 0
0 0
0 11
0 0
0 2
7 10
1 2
0 0
0 1
0 4
0 1
1 2
0 3
2 1
0 1
0 0
0 1
0 0
1 1
0 0
0 0
0 0
0 0
0 0
0 0
0 3
0 0
0 0
0 1
0 0
0 0
0 2
2 3
0 1
4 0
6 6
0 0
0 2
5 2
7 9
0 0
0 0
0 0
0 1
1 2
0 1
0 0
0 0
0 0
0 0
0 1
0 0
1 0
0 0
0 0
2 7
1 4
0 0
0 0
9 7
0 1
0 1
0 0
0 0
2 6
0 3
0 0
0 0
0 4
0 2
0 0
0 2
7 21
0 0
11 27
0 0
0 0
0 0
0 2
0 1
3 2
0 0
0 0
0 0
0 1
0 5
0 0
0 0
0 3
0 0
1 0
0 1
1 0
0 0
7 10
0 0
2 0
0 0
0 0
0 0
0 0
0 0
2 4
0 0
0 0
2 3
0 0
0 0
0 0
0 0
6 4
1 0
0 1
0 0
0 1
0 0
0 0
0 0
0 0
0 0
0 1
0 0
1 0
0 0
0 0
0 2
7 6
0 0
0 2
0 0
0 0
0 0
0 0
0 0
1 0
0 0
0 8
0 1
2 1
0 1
0 0
0 0
7 16
0 0
0 3
0 0
0 0
10 2
0 1
49 77
0 2
0 0
0 1
0 0
0 0
0 1
0 0
0 0
0 0
0 0
2 3
0 1
0 0
0 0
0 0
0 0
0 0
0 1
2 4
3 7
0 0
0 2
0 0
0 0
0 1
0 0
39 20
10 28
2 1
0 0
0 4
0 0
0 0
7 3
0 2
0 2
0 4
3 1
0 0
2 10
0 1
3 8
0 0
7 3
0 1
0 0
0 0
1 2
0 0
0 0
0 0
0 2
0 0
3 2
0 0
0 0
1 2
6 9
0 4
0 0
0 1
0 0
0 1
0 0
0 0
0 1
0 2
6 2
0 1
0 1
2 4
0 2
0 1
0 0
0 2
0 1
0 0
0 1
0 0
2 4
0 0
0 0
0 0
0 0
0 0
0 1
0 0
0 0
0 1
0 0
0 0
0 0
0 0
0 0
0 1
0 0
0 1
6 12
0 1
0 0
0 0
0 0
0 4
0 3
0 2
0 0
0 0
0 0
0 0
0 1
0 1
1 1
0 0
0 2
0 0
0 0
0 2
0 5
0 0
0 4
0 3
0 0
0 0
0 0
1 0
0 1
0 1
0 0
0 2
0 0
0 2
0 0
0 0
0 0
1 3
9 9
11 16
0 1
0 0
0 0
0 0
0 0
0 5
0 3
2 3
0 0
0 1
3 6
0 4
0 0
0 5
0 0
0 0
18 22
0 0
3 2
9 2
0 1
0 0
2 3
0 0
0 0
1 0
14 14
0 0
0 0
3 9
0 0
2 7
0 0
0 0
0 0
0 1
0 0
0 0
0 1
0 1
0 1
1 2
0 2
0 5
0 0
10 9
0 0
0 1
0 0
2 5
0 1
0 4
0 0
0 5
2 0
0 1
0 1
2 4
0 0
0 0
0 0
0 0
0 0
0 0
6 3
0 1
0 1
0 0
0 0
0 0
0 0
0 1
0 2
0 0
0 0
0 0
0 7
0 0
0 1
0 3
0 1
0 0
0 0
0 0
1 0
1 4
0 0
0 1
0 0
0 1
0 0
0 0
0 0
0 2
0 0
0 2
7 0
0 0
2 1
0 0
2 1
0 0
3 1
0 0
0 0
0 0
0 0
0 1
49 76
0 0
0 0
0 0
0 2
0 0
0 0
2 0
0 2
0 0
0 1
0 1
0 0
0 1
0 0
0 0
0 0
1 5
1 1
0 0
0 0
0 0
0 0
0 0
0 0
0 0
3 2
6 7
0 0
0 0
0 0
2 0
0 0
0 0
0 0
0 2
0 0
0 1
0 4
0 1
0 0
0 0
0 0
10 15
1 2
0 0
0 2
0 0
2 4
0 0
0 0
0 0
0 0
0 1
2 4
2 1
2 8
2 0
0 0
0 0
2 1
0 0
0 0
0 2
0 2
3 2
0 8
3 1
0 0
0 0
0 1
0 0
0 1
0 0
0 0
0 0
0 1
0 3
0 0
0 1
0 0
1 1
0 0
0 0
0 0
6 5
0 3
7 8
10 2
0 0
1 1
0 1
2 0
2 1
0 0
0 6
0 0
6 8
0 0
0 0
14 18
0 1
0 0
0 0
0 0
1 3
0 0
0 0
0 0
0 0
0 0
0 1
2 3
0 0
0 0
1 4
0 0
0 0
0 0
0 1
0 0
0 1
0 0
0 0
0 1
0 1
0 6
4 5
4 6
0 0
0 3
0 2
1 1
0 1
0 2
0 1
0 0
0 1
0 0
0 1
0 0
1 3
0 0
0 0
4 1
1 5
0 1
0 0
0 0
0 0
0 0
0 0
0 2
0 0
0 0
0 0
0 0
0 1
0 0
0 2
0 0
0 1
12 11
0 1
0 0
4 2
0 0
2 5
11 12
0 0
0 0
0 0
0 0
0 0
0 0
0 0
2 0
10 6
0 0
0 0
0 0
0 0
2 2
2 4
1 1
1 4
0 0
0 2
0 3
0 6
0 1
6 0
0 0
0 0
2 0
0 2
0 0
0 0
0 2
0 0
1 1
0 0
7 9
3 1
0 1
0 0
0 1
2 3
0 0
0 1
0 3
0 0
0 2
0 0
12 9
0 0
0 2
14 13
0 1
0 0
2 2
0 8
0 1
2 1
0 0
0 0
0 0
0 0
1 3
0 1
0 0
0 0
0 4
1 1
0 0
0 0
6 14
0 0
4 7
0 0
1 5
0 0
0 0
2 3
0 0
0 0
0 0
0 0
0 1
0 0
0 0
0 0
2 3
3 6
0 2
2 5
9 13
0 0
0 0
0 0
7 1
0 2
1 4
0 0
0 0
0 0
0 1
0 1
0 3
0 0
0 1
1 0
6 7
0 0
0 0
0 1
1 0
0 0
0 0
0 0
0 1
0 0
0 0
0 2
0 0
0 0
2 3
0 0
0 0
0 0
0 0
0 0
0 3
0 4
0 0
0 2
0 3
0 0
0 0
2 2
0 0
0 0
0 1
2 3
2 1
0 0
0 0
0 0
0 0
0 5
0 3
0 0
3 5
0 6
39 33
2 0
0 2
0 0
0 1
0 0
0 0
0 0
2 1
0 0
0 2
0 0
0 1
0 0
39 26
0 4
0 0
3 2
0 0
3 3
0 1
0 2
0 2
0 1
0 0
0 0
0 0
1 2
0 0
7 13
0 0
0 1
0 0
0 0
0 0
0 2
0 2
0 0
0 2
6 2
0 3
0 3
1 0
0 3
6 7
0 0
0 0
0 0
7 7
0 0
0 0
0 3
0 0
1 1
0 0
2 5
0 0
0 0
0 0
0 0
0 2
0 4
4 4
3 5
1 0
0 1
49 39
0 0
0 0
0 0
7 4
0 1
0 2
0 1
0 0
0 1
0 2
0 0
0 0
0 4
0 2
1 3
6 0
7 20
1 4
3 0
0 2
0 0
2 2
6 11
0 0
0 1
2 0
0 0
0 2
1 1
2 1
0 0
0 1
0 0
0 0
0 0
0 4
0 2
0 2
0 1
0 0
0 2
0 0
0 0
0 1
0 2
0 0
0 2
0 0
0 0
0 0
0 0
0 0
5 16
18 15
0 0
3 2
0 6
0 1
0 0
0 0
0 0
0 2
0 1
0 0
0 1
0 0
0 0
0 0
0 0
0 0
4 9
0 1
2 3
0 0
0 0
0 2
0 0
1 5
0 0
0 0
0 0
0 0
0 1
0 0
12 3
2 1
0 1
0 0
0 0
2 5
0 0
0 0
14 14
0 1
0 2
0 0
0 0
0 0
1 0
0 1
0 0
0 0
6 10
0 0
0 0
4 8
0 2
0 1
0 5
10 10
0 0
1 2
0 0
7 8
0 3
18 21
2 0
0 3
0 0
10 10
0 1
0 1
2 0
0 0
0 1
3 4
0 2
6 6
0 0
0 0
0 0
0 0
7 21
0 2
0 0
0 3
0 1
0 0
3 7
0 0
0 0
0 0
3 0
0 0
0 0
10 5
0 2
39 35
0 1
0 0
0 0
0 0
10 10
0 0
0 0
0 0
4 6
0 2
0 1
0 0
0 2
3 6
1 1
0 1
0 0
0 0
0 2
0 0
10 3
0 0
2 9
0 0
0 0
2 1
3 1
1 0
0 0
0 0
0 0
1 0
0 0
1 0
0 5
0 2
0 0
0 0
2 4
9 8
0 2
0 0
0 1
0 0
0 0
0 0
2 1
0 0
0 3
9 2
0 2
0 0
0 2
0 0
1 2
0 1
1 0
3 5
0 0
0 0
0 0
0 0
3 4
0 1
2 3
0 0
0 0
0 0
2 2
0 0
0 1
0 0
0 0
6 7
0 0
0 0
6 1
2 6
0 1
0 4
0 1
0 1
1 1
0 0
0 0
0 0
0 0
1 4
0 0
0 1
0 1
0 0
0 1
0 1
0 0
0 1
6 6
0 0
0 1
39 27
0 0
7 13
0 0
0 0
0 0
0 1
0 1
0 0
1 0
0 0
0 0
0 0
0 2
0 1
0 1
0 2
6 8
6 11
1 5
12 12
0 0
0 0
0 0
0 1
0 0
0 2
2 2
3 5
0 0
0 0
0 5
0 0
0 0
0 0
0 0
7 0
7 4
2 3
0 0
0 1
0 0
0 0
4 3
0 0
2 0
0 0
0 1
1 5
0 1
0 1
0 1
0 0
0 0
0 1
0 0
0 0
0 0
0 0
0 0
0 2
0 0
0 1
0 0
0 0
0 0
0 0
0 1
0 0
0 0
2 5
6 5
0 0
0 4
0 0
0 0
0 1
0 0
0 0
0 0
0 0
0 0
0 1
0 0
0 2
0 0
0 0
0 0
0 1
0 1
0 0
0 1
0 0
0 0
0 7
0 0
0 2
0 0
39 22
0 1
0 0
0 0
6 8
7 9
2 2
0 0
14 11
0 0
0 0
0 0
6 3
3 1
2 1
0 0
2 1
10 7
0 0
0 0
0 0
2 2
0 2
0 0
0 0
0 0
0 1
0 0
0 1
0 0
0 0
0 0
0 5
0 1
0 2
0 0
12 13
0 1
0 0
2 10
3 7
6 7
0 0
0 0
0 0
0 1
2 4
0 0
0 0
0 0
0 1
0 0
0 2
0 0
0 2
0 0
0 5
0 1
0 0
0 0
2 4
14 21
0 0
2 1
0 0
0 0
0 0
0 2
0 1
0 0
0 5
12 24
5 1
0 0
1 0
2 6
0 2
0 0
1 6
0 6
0 0
0 0
4 3
0 2
0 3
1 3
0 0
0 0
0 0
0 0
6 3
5 1
0 0
0 0
0 2
0 1
0 0
0 4
0 1
7 14
7 7
0 2
1 4
0 3
3 10
0 0
0 1
0 2
0 1
0 0
0 0
0 0
7 4
10 7
0 0
0 0
0 2
5 1
0 1
0 0
0 0
0 3
0 0
0 0
0 1
0 0
0 1
0 0
0 0
1 0
0 1
0 0
0 0
0 0
0 0
0 0
7 4
0 0
0 0
2 3
0 0
0 1
2 2
0 0
0 0
0 3
7 0
2 0
2 6
0 0
0 6
0 1
1 1
0 0
2 2
0 1
2 1
1 4
0 0
0 2
6 1
0 4
0 7
0 0
7 4
0 0
0 0
0 0
7 9
0 5
2 2
14 11
2 4
39 34
0 0
0 3
0 0
0 0
0 2
0 1
2 0
0 1
0 0
0 1
0 1
0 0
0 0
0 1
0 0
0 2
0 0
0 1
0 1
3 2
0 0
0 0
0 1
0 0
0 0
0 1
6 1
0 3
1 3
0 8
0 1
0 2
0 0
0 0
0 2
0 0
0 0
0 3
2 3
0 1
6 12
2 6
0 0
0 0
0 0
0 0
0 5
3 1
2 1
0 0
0 2
0 2
1 5
7 16
0 1
3 6
0 1
0 0
0 0
0 0
0 0
0 0
0 5
0 0
0 0
0 0
0 0
0 0
0 1
0 2
1 4
0 1
1 2
0 0
0 1
0 0
0 0
2 3
3 5
0 0
0 0
0 0
2 6
9 5
0 6
0 0
7 7
0 1
0 0
0 0
0 0
5 9
0 0
0 0
0 0
0 0
0 1
2 0
0 0
0 1
0 0
0 1
6 4
10 7
0 0
7 8
0 0
0 0
0 3
0 2
0 0
0 0
0 0
0 2
0 0
14 14
0 0
0 0
0 3
0 3
0 0
0 3
2 1
0 0
0 0
0 0
1 2
0 1
0 5
0 1
0 0
4 6
0 1
0 0
2 7
0 0
0 2
0 0
2 4
0 0
2 19
0 2
0 0
1 0
0 0
0 4
0 0
0 0
0 0
0 2
0 0
0 1
0 1
0 0
0 0
0 0
14 18
0 0
0 1
0 1
0 0
0 0
0 0
39 35
0 0
10 5
0 0
0 0
0 0
0 0
0 5
0 0
0 0
0 0
0 2
1 6
0 0
0 0
2 3
0 0
11 13
1 1
0 0
0 1
0 4
0 1
3 11
7 2
0 0
0 2
18 22
0 2
2 2
0 0
0 0
6 8
0 0
2 5
0 0
0 0
0 0
0 1
0 2
0 1
0 0
0 0
0 0
6 11
0 2
2 0
0 3
14 14
0 1
0 0
0 0
0 0
0 0
0 0
0 0
1 0
0 0
0 0
0 0
0 0
2 3
1 6
0 0
0 0
0 0
0 0
0 0
0 1
0 0
2 5
0 5
0 0
0 1
0 0
0 4
0 0
0 1
0 0
0 0
0 2
0 1
0 0
0 0
0 0
0 0
0 0
0 0
0 1
0 0
4 6
0 1
0 0
0 0
0 0
1 2
1 0
0 1
10 4
0 0
0 0
0 2
0 0
0 0
0 1
21 21
0 0
0 2
0 2
6 10
0 1
4 6
0 0
0 0
0 0
0 0
0 0
0 2
0 0
0 1
1 1
0 1
0 0
0 0
0 2
0 2
0 0
0 0
0 2
0 0
2 3
0 3
7 6
0 0
0 0
0 3
0 0
0 0
0 0
0 0
0 0
0 0
6 2
10 8
0 0
0 0
0 0
0 0
0 1
9 4
1 4
0 0
0 0
0 2
0 1
0 2
0 2
0 0
0 0
0 1
1 0
0 2
7 9
0 0
5 3
2 6
0 1
0 0
0 0
0 0
0 1
0 0
6 10
0 2
0 0
0 0
3 6
0 4
0 0
0 0
0 0
0 0
0 0
6 2
0 3
0 0
0 0
0 1
0 2
0 0
0 1
0 2
0 0
0 0
5 2
49 99
0 1
0 0
0 5
5 8
2 0
0 1
0 0
0 0
0 0
5 9
3 3
0 0
0 1
0 1
0 0
0 2
0 0
0 0
0 0
2 1
0 1
0 0
2 6
0 1
0 0
0 0
1 2
1 7
0 0
0 0
3 7
7 13
0 0
0 1
0 0
0 1
0 3
0 3
0 0
0 0
0 3
2 8
2 5
2 2
0 3
0 0
0 0
0 0
0 2
0 0
0 0
0 0
0 1
0 0
0 0
0 0
0 1
0 3
0 0
0 0
0 2
0 0
0 0
0 0
0 0
0 2
0 3
0 0
9 13
0 0
0 0
0 0
3 0
0 3
0 1
0 0
0 0
0 0
0 0
0 0
0 2
0 3
7 5
0 0
0 0
0 0
0 0
0 0
1 4
0 0
6 5
2 4
0 0
2 7
0 0
0 0
0 0
0 0
0 2
0 1
2 8
0 0
0 0
0 1
0 3
0 0
0 0
0 0
0 2
0 0
0 0
1 2
0 0
0 0
0 0
0 0
0 4
6 6
0 1
0 0
0 0
0 1
0 0
0 0
0 0
0 1
0 1
0 1
0 7
0 1
0 3
0 0
1 0
0 0
6 2
7 11
0 11
0 2
0 2
3 1
0 1
2 1
2 1
0 1
0 0
0 0
0 2
0 0
0 0
1 4
0 0
1 0
0 2
0 0
0 0
0 0
7 6
0 1
0 0
1 3
0 1
0 1
0 0
0 0
4 1
0 3
0 0
0 0
0 3
0 0
3 6
0 0
0 1
0 0
7 5
0 4
3 3
0 1
0 2
0 0
0 0
0 1
2 0
0 0
7 9
0 0
1 1
0 4
0 0
7 14
0 1
0 0
0 0
0 0
0 0
0 0
0 0
0 1
0 0
0 4
0 1
0 4
0 0
0 1
0 1
10 11
0 2
0 1
0 0
0 1
0 0
0 1
0 0
0 0
0 2
0 0
0 0
0 0
0 0
0 0
2 2
0 0
0 1
0 1
0 0
2 1
0 0
0 1
0 1
0 0
0 2
0 0
0 0
0 1
10 3
0 0
0 1
0 0
0 0
0 4
0 0
0 1
2 4
0 0
0 0
0 2
0 0
39 45
0 2
2 0
0 0
0 0
0 0
0 6
6 1
0 1
0 3
0 0
2 4
0 2
0 0
0 0
0 0
0 0
4 3
0 0
0 1
0 0
0 0
7 15
11 15
3 5
0 2
49 84
0 0
0 0
0 0
0 0
2 0
0 0
0 2
0 1
0 0
0 3
7 1
0 0
1 0
0 0
1 11
0 1
0 3
0 0
0 0
0 0
0 1
0 0
0 0
2 6
2 1
0 4
0 1
2 0
0 2
9 3
0 0
0 0
0 2
0 0
0 0
0 0
0 0
39 19
0 1
0 0
0 0
0 0
0 0
0 1
39 43
0 1
0 1
0 2
0 1
0 1
0 3
2 9
49 138
0 2
0 2
0 4
0 0
0 0
0 1
0 0
0 0
10 10
6 7
0 1
0 0
0 1
0 0
0 3
0 0
0 1
0 1
2 1
1 0
0 0
2 0
0 0
0 0
2 3
0 0
0 2
0 0
2 0
10 0
3 7
0 1
0 0
0 7
3 5
0 0
0 0
0 3
0 0
2 0
0 0
0 0
7 11
0 0
0 1
0 0
0 0
1 0
0 1
0 0
6 13
39 32
0 0
0 1
0 0
0 0
39 39
0 0
0 0
0 0
0 1
0 0
0 0
0 0
4 3
0 0
0 0
0 0
0 4
0 0
0 1
2 1
0 0
0 1
2 3
3 3
0 0
2 4
10 9
0 0
0 0
1 2
0 3
0 4
0 0
0 0
0 0
2 2
0 0
0 0
0 1
0 0
0 0
6 6
2 3
0 3
2 0
0 1
0 0
49 65
4 1
0 0
0 1
0 0
0 3
0 0
0 0
0 1
0 0
0 4
0 0
0 0
1 2
0 0
0 0
3 4
1 2
0 1
0 0
0 1
0 0
0 0
0 0
0 0
0 0
0 0
7 12
0 1
0 0
0 1
0 2
0 0
0 0
0 4
0 0
0 0
2 5
0 1
0 0
0 0
2 0
0 2
10 7
0 0
2 6
0 1
0 0
2 4
0 0
0 1
0 0
2 2
1 0
0 0
3 1
0 2
0 0
0 0
0 0
0 4
0 0
2 2
2 0
0 1
4 0
0 0
0 1
1 0
0 0
0 0
0 0
2 1
0 1
1 0
0 0
2 2
0 1
4 1
0 0
0 2
0 0
6 3
0 0
0 2
0 0
0 0
0 0
0 0
0 5
0 0
0 0
0 1
1 2
0 0
0 1
0 0
0 1
0 4
0 0
0 0
0 1
0 0
0 3
0 0
0 6
0 0
0 0
2 0
0 0
0 0
0 0
1 1
0 0
0 1
0 0
0 1
0 1
0 2
0 0
0 0
3 10
0 0
0 2
0 0
0 0
0 1
0 0
11 13
0 0
0 0
0 0
2 3
0 0
0 1
1 7
0 0
2 2
10 19
39 26
14 60
49 198
0 0
0 0
0 0
0 2
6 2
0 1
1 7
0 0
0 2
0 1
0 1
0 1
0 0
1 2
0 2
0 2
3 4
0 1
0 3
0 0
0 0
2 7
0 0
39 24
0 4
0 0
2 3
0 0
1 0
0 0
0 0
0 0
0 0
0 0
0 0
0 2
0 2
2 0
0 0
0 2
0 4
0 0
0 0
0 0
0 0
1 0
0 0
0 3
0 4
0 0
0 0
0 0
39 23
7 6
0 0
0 2
39 28
18 23
0 2
0 0
0 1
0 0
0 3
0 0
0 2
0 0
0 0
0 2
0 0
0 1
3 4
39 20
0 3
2 4
0 1
0 0
0 0
1 0
0 0
0 1
2 5
1 1
0 0
0 0
0 0
0 2
0 0
0 0
0 1
0 0
0 2
12 15
0 0
6 4
0 1
0 0
0 0
0 1
0 1
0 4
0 0
0 0
0 0
6 0
2 2
0 0
0 0
0 0
7 5
0 1
2 1
0 0
0 0
14 35
0 0
0 2
0 1
3 6
0 0
0 0
6 1
0 0
0 0
0 0
0 0
0 0
0 2
0 0
0 0
0 1
12 20
0 0
0 0
0 0
10 5
0 0
0 4
3 4
0 1
0 0
0 2
0 0
0 0
5 4
0 0
0 1
0 2
0 0
0 0
0 2
11 20
0 2
6 4
0 0
0 0
0 0
0 0
0 2
3 3
0 1
0 0
0 0
0 2
2 3
0 2
0 2
0 4
0 0
2 5
0 0
0 1
0 1
0 1
0 0
0 0
0 1
0 0
0 0
0 0
0 1
0 0
2 6
0 0
0 1
0 0
2 4
0 0
0 0
0 0
0 0
0 0
0 1
5 6
0 0
1 0
3 1
0 0
0 3
0 0
9 5
0 0
0 1
3 0
3 6
0 1
0 0
7 13
0 0
0 0
0 0
0 0
0 0
0 0
0 1
0 2
7 1
0 1
0 1
0 0
3 7
1 0
0 0
6 1
0 2
0 1
0 0
0 0
0 1
0 0
0 0
0 2
0 1
0 0
2 3
0 0
4 4
0 2
0 0
0 1
0 3
7 10
0 0
0 2
14 9
0 1
0 0
1 6
0 2
0 1
10 11
0 0
0 2
3 9
0 0
0 3
1 0
0 0
0 0
0 1
0 1
14 26
0 0
1 2
0 2
0 0
0 1
0 3
1 5
0 0
0 1
0 0
0 0
0 0
0 0
0 0
0 1
2 3
0 0
1 2
0 1
0 1
0 0
0 0
0 2
0 0
0 0
0 0
0 0
0 1
0 0
0 1
1 3
0 0
0 0
0 1
0 0
1 2
1 0
0 0
0 1
0 2
0 1
0 1
0 0
0 4
2 0
0 0
0 0
5 2
0 0
2 7
0 0
0 0
0 0
0 0
0 0
0 1
0 1
0 1
1 2
0 0
2 11
0 0
0 0
0 0
1 1
39 50
0 3
2 1
1 0
0 0
0 1
4 4
0 1
0 0
0 1
1 2
0 0
0 0
0 0
10 0
0 4
0 0
0 0
0 0
0 1
0 0
0 0
0 0
0 0
0 1
0 1
0 0
1 0
1 1
18 16
7 10
2 1
5 0
1 2
0 0
0 0
1 2
0 1
0 2
0 0
0 1
0 1
0 0
1 1
1 2
0 0
0 2
2 2
2 0
1 1
0 1
0 0
2 6
2 2
0 0
0 0
7 0
0 5
0 0
1 7
0 0
3 8
0 0
0 0
0 1
0 0
1 4
0 1
14 15
0 1
0 0
0 0
0 0
4 13
4 7
0 1
0 0
0 0
1 0
0 1
0 1
0 0
0 0
10 9
0 2
6 5
0 0
1 0
0 0
0 0
5 2
0 0
0 0
0 0
0 0
0 0
0 1
0 1
0 1
0 0
1 0
0 6
0 0
0 0
0 0
0 0
0 1
0 0
0 0
0 0
6 7
0 0
0 0
4 6
0 0
0 0
0 2
0 2
2 8
0 0
0 0
0 0
0 0
0 1
0 1
0 1
0 2
3 10
0 0
0 0
0 0
0 0
0 0
0 0
0 0
0 1
0 0
0 2
0 0
0 0
0 0
0 2
0 1
0 0
7 5
1 0
1 1
0 0
0 0
0 1
0 0
0 0
0 1
0 0
4 4
0 0
0 0
0 0
3 0
7 1
10 2
0 0
0 0
0 0
0 0
0 0
1 4
0 0
0 0
0 1
0 0
0 2
0 1
0 0
0 2
0 0
0 3
2 1
0 1
6 10
0 0
9 11
0 0
6 0
0 0
0 1
0 7
0 0
0 3
0 3
0 1
1 1
14 24
0 2
0 0
0 0
3 2
5 8
0 0
0 0
0 0
0 2
2 1
9 9
0 4
0 4
0 0
0 1
0 2
0 1
7 11
0 0
0 0
0 0
0 0
0 0
1 0
4 0
0 1
0 0
0 0
0 2
7 8
0 0
0 2
0 0
0 0
0 1
0 0
0 0
0 0
0 0
6 7
2 4
0 1
0 1
7 10
10 11
1 0
0 0
0 2
7 6
0 0
0 0
0 0
2 1
0 1
2 1
6 6
0 0
0 3
0 0
0 1
0 0
0 0
0 0
0 3
0 2
0 0
0 1
0 0
0 0
0 0
2 4
4 1
0 0
0 1
0 0
0 0
0 3
0 0
0 0
0 0
0 0
0 0
0 0
0 0
0 0
0 1
0 2
4 2
0 0
2 0
2 2
0 1
0 0
0 0
2 2
0 0
6 19
0 1
0 0
0 2
1 1
2 1
0 0
2 0
0 2
0 0
0 0
0 0
2 1
0 0
2 4
0 0
0 0
6 5
0 2
7 24
0 1
0 1
0 0
0 1
0 0
0 0
0 0
0 0
0 0
0 0
0 0
0 0
0 4
0 0
2 3
10 11
0 0
1 1
0 0
0 0
0 0
0 1
1 1
0 0
0 7
0 0
0 1
0 0
0 0
0 0
0 0
21 10
0 4
0 1
1 2
0 0
0 0
0 0
0 1
0 3
0 0
0 0
0 0
3 5
0 1
7 8
0 0
0 0
0 0
4 6
0 3
0 0
2 1
14 16
3 6
3 0
0 0
0 0
0 0
0 0
0 22
0 0
0 3
0 1
0 0
11 2
2 4
0 1
0 0
0 1
0 0
9 0
1 1
0 2
6 3
0 1
0 0
0 0
0 4
0 1
0 0
1 2
0 0
0 1
0 0
0 0
0 1
0 1
0 2
0 0
0 0
2 1
0 10
7 2
0 0
0 1
0 0
0 2
0 0
0 0
0 0
0 0
0 0
1 0
0 0
0 1
0 1
0 1
0 2
0 1
0 0
2 5
0 1
0 1
1 1
0 0
7 12
0 2
0 0
0 2
0 0
0 0
0 0
3 6
0 2
0 0
0 0
0 0
0 0
0 0
0 0
0 1
0 1
0 1
0 0
0 0
0 0
0 3
0 0
0 0
0 0
7 7
0 0
0 0
0 0
0 0
0 0
2 5
0 1
0 0
7 3
0 0
0 0
0 0
0 2
0 3
0 0
3 6
0 0
0 0
0 0
0 4
0 0
0 0
6 4
0 0
2 1
0 0
0 0
0 0
0 2
0 2
0 2
0 0
0 2
0 0
0 4
0 0
0 0
0 2
0 0
0 2
0 2
0 0
0 0
10 12
0 1
0 0
4 0
0 2
6 3
0 4
0 0
0 0
0 0
0 0
1 8
0 0
0 0
0 0
0 2
0 3
7 13
2 1
0 0
0 1
0 0
0 1
7 2
0 3
0 1
1 0
0 5
0 1
0 1
0 2
0 2
0 0
0 0
0 0
1 9
0 0
0 0
0 0
3 8
0 0
0 1
0 1
2 3
0 0
0 1
0 0
0 0
0 0
0 3
0 0
0 1
0 0
0 0
4 2
0 0
0 0
0 0
10 13
0 1
0 0
0 1
0 0
0 0
0 1
1 1
11 14
9 12
0 2
2 0
0 2
0 1
0 0
0 0
0 0
2 1
2 4
0 0
0 2
0 1
0 3
0 1
0 0
0 3
0 0
0 3
0 1
0 0
0 0
2 1
0 0
2 1
0 0
0 0
2 0
0 0
0 0
2 4
0 0
0 0
0 1
9 13
2 1
49 57
0 4
2 3
1 0
0 0
0 1
0 0
0 1
0 0
1 1
0 3
0 2
39 22
0 3
0 0
2 1
0 0
0 1
0 0
2 0
0 0
0 0
0 0
0 0
0 0
39 33
0 0
0 0
0 8
0 0
0 0
0 2
0 0
0 0
0 3
0 0
2 0
7 28
2 2
0 0
0 0
0 0
1 2
0 0
0 1
0 0
0 0
11 17
1 3
0 1
0 0
0 0
0 0
0 0
0 0
0 0
0 1
0 1
0 0
0 0
0 0
0 1
0 0
0 0
0 0
0 0
0 0
2 1
0 0
0 0
4 4
10 1
0 3
0 0
0 1
0 2
0 0
0 0
0 0
0 0
0 0
0 0
0 0
4 5
0 1
0 1
6 11
0 4
0 0
0 0
0 0
0 1
0 0
0 0
0 1
2 5
0 0
4 4
0 0
12 22
0 0
1 2
0 0
9 8
1 3
0 0
0 0
1 0
0 3
10 6
0 2
0 1
0 2
0 1
0 0
0 2
0 1
0 0
0 1
2 4
0 2
0 2
0 6
0 0
0 0
0 0
9 0
2 2
0 0
0 1
0 0
0 1
1 4
0 0
0 1
0 0
0 0
0 1
6 4
0 1
0 0
0 1
0 0
0 4
0 0
0 2
0 0
0 0
0 1
39 25
0 0
0 2
2 3
0 0
2 2
0 4
0 3
0 2
0 0
0 0
6 2
0 0
7 8
0 0
0 0
0 0
0 0
0 0
0 0
6 7
0 1
0 0
2 1
0 0
0 0
2 6
0 1
1 3
2 2
0 0
0 3
0 0
0 0
0 0
0 3
0 1
0 0
0 0
0 3
0 0
0 0
2 0
0 0
0 0
2 2
0 0
0 0
0 0
0 3
49 34
2 5
0 0
0 0
9 16
0 0
0 4
0 0
0 0
2 0
0 0
0 0
0 0
2 3
0 0
0 0
0 1
0 0
0 1
0 0
0 2
0 0
0 0
0 1
0 2
1 3
0 0
0 0
0 0
10 0
0 0
0 1
0 0
0 0
39 31
0 0
0 3
0 0
10 11
0 0
0 3
0 0
2 2
0 0
0 1
0 2
0 1
0 3
0 0
2 1
0 0
0 0
0 0
0 1
0 0
0 0
0 0
0 1
0 0
0 2
0 0
9 13
0 5
0 0
0 0
0 2
0 2
1 1
0 0
1 1
2 0
2 1
0 0
0 4
0 0
0 0
0 0
7 10
0 0
0 0
0 0
0 5
0 0
0 0
0 1
0 1
0 0
0 0
0 0
0 0
0 2
2 0
0 2
1 0
6 10
3 7
0 0
0 4
0 1
0 0
0 2
0 2
2 0
0 4
7 2
0 0
1 0
0 1
0 1
1 2
3 1
0 0
2 4
0 0
0 1
0 4
1 5
0 2
0 0
0 5
39 52
2 1
0 0
1 2
0 1
0 0
1 2
0 0
0 0
0 0
0 3
0 1
0 2
0 0
0 1
0 0
0 0
0 2
2 0
0 1
0 0
0 2
6 5
0 0
0 0
0 1
0 0
0 3
0 0
0 4
0 0
0 0
0 1
0 0
0 1
0 1
0 0
0 0
0 1
0 0
0 0
0 0
0 4
0 0
0 0
0 1
0 1
0 3
0 1
2 9
2 3
0 2
1 5
0 0
0 1
0 2
0 0
0 0
0 0
0 0
12 7
0 1
0 2
2 1
0 3
0 0
0 0
6 8
0 0
0 1
7 4
0 1
0 3
0 0
2 1
1 1
0 1
0 3
0 2
0 1
0 0
0 1
2 0
0 0
2 1
0 0
0 0
0 0
0 0
10 10
0 1
0 1
0 0
0 0
0 5
0 0
0 0
2 0
0 0
0 0
2 1
0 5
0 0
0 1
0 0
0 1
0 0
0 0
0 4
2 13
2 0
0 0
0 0
0 0
0 1
3 5
0 0
0 1
6 5
0 0
0 2
0 0
0 2
21 10
0 0
4 1
0 4
0 0
3 2
0 0
2 1
9 6
3 0
1 1
49 52
0 0
2 6
0 0
6 3
0 1
1 1
2 0
0 0
0 0
0 2
0 1
0 0
1 0
0 0
0 0
0 0
0 0
1 0
0 0
0 0
0 0
2 1
0 1
0 0
0 4
7 5
0 0
0 1
4 3
2 7
6 10
0 2
0 0
0 1
0 0
0 0
0 0
0 0
0 0
3 3
0 9
0 0
0 0
0 0
0 0
21 16
0 2
0 0
2 0
0 2
1 1
0 0
0 0
3 3
0 0
0 2
0 1
0 0
0 0
0 2
0 0
0 0
0 1
0 4
2 4
1 3
0 0
1 2
0 0
0 3
0 0
0 0
0 0
0 0
0 0
9 8
0 0
0 6
0 1
0 0
0 0
0 0
0 0
0 0
0 0
1 12
0 0
2 0
0 0
0 1
0 1
0 1
0 1
0 1
0 1
0 0
0 0
14 15
0 0
3 5
0 0
0 3
0 0
0 0
1 0
0 1
0 1
0 0
0 2
0 2
0 2
0 5
0 6
0 0
0 0
0 0
0 0
12 14
0 1
0 2
3 2
0 0
0 0
0 0
0 0
0 0
2 2
0 0
0 1
0 1
0 0
0 0
0 0
0 2
0 1
0 0
0 1
7 10
0 1
0 0
9 9
0 0
0 0
0 0
0 0
21 7
0 0
0 0
0 0
0 1
0 1
0 0
7 5
0 1
0 1
0 0
39 32
7 4
0 1
0 5
3 4
0 0
0 0
49 41
0 0
0 1
0 0
0 0
3 2
0 0
0 0
0 1
0 2
1 6
0 1
0 0
0 1
0 0
0 2
0 2
6 1
1 4
0 0
3 4
0 1
0 3
0 1
0 1
0 0
18 13
0 3
0 1
0 0
11 19
0 0
0 2
0 4
0 8
4 7
0 1
0 2
0 0
0 4
3 4
0 0
0 0
3 3
0 1
2 3
5 9
0 0
0 0
0 0
0 3
14 16
0 0
0 2
0 1
0 0
6 3
0 0
0 0
0 0
3 3
0 0
0 4
0 1
0 1
1 1
0 0
0 2
7 13
3 7
7 24
2 8
0 1
1 1
0 0
0 0
0 0
0 0
0 0
0 0
0 6
0 1
0 0
0 0
0 0
0 0
0 0
0 0
0 1
0 0
0 0
0 0
0 1
7 13
0 1
0 1
0 0
6 1
0 3
0 0
6 10
0 1
0 1
0 1
0 0
0 0
0 0
2 1
6 4
0 0
0 0
7 13
0 4
0 0
9 6
0 1
0 9
14 11
4 2
0 0
0 0
0 0
0 2
3 3
0 1
0 1
3 6
0 8
0 0
0 1
5 4
0 0
0 1
0 0
0 0
0 0
0 0
0 3
0 1
0 0
0 0
0 2
0 2
10 5
0 3
0 0
0 0
2 2
0 1
0 0
0 0
11 13
0 0
0 0
0 6
2 4
0 1
0 0
0 0
0 0
7 11
0 0
0 1
0 0
1 0
1 2
0 0
0 0
0 0
0 0
0 1
0 1
0 0
0 2
0 0
6 6
0 0
5 3
0 0
3 5
0 4
0 1
0 0
0 1
0 1
0 0
0 0
0 2
0 1
10 20
0 1
0 0
6 4
0 7
7 5
0 0
0 0
0 2
0 2
0 0
1 3
0 0
0 0
12 13
0 0
5 2
0 0
4 1
0 0
0 0
0 1
0 1
0 0
0 2
39 40
0 2
0 0
0 0
0 0
0 0
0 1
0 1
0 0
0 4
10 8
0 3
1 3
3 7
0 1
0 2
2 6
4 0
0 0
1 1
0 1
0 0
0 0
2 3
0 1
0 0
0 0
0 0
0 0
7 6
0 2
0 3
0 1
3 8
0 1
0 0
10 23
0 0
0 0
0 0
0 0
0 1
0 0
0 0
7 12
0 0
0 0
0 0
0 2
9 5
0 0
0 0
0 0
0 0
0 0
0 0
0 0
10 9
0 1
0 0
0 0
0 1
0 2
0 2
0 0
3 4
0 0
1 0
0 0
0 0
0 1
0 0
0 0
6 3
0 0
0 1
0 0
0 0
0 0
0 1
4 2
0 0
1 0
0 0
2 0
1 0
0 0
0 0
5 13
1 0
0 0
0 0
2 1
0 2
0 0
0 2
0 0
0 2
0 0
0 2
0 0
0 2
0 1
0 0
1 2
0 0
0 0
2 1
0 0
18 52
0 0
0 0
0 1
0 0
0 0
0 0
0 0
14 20
0 2
0 2
0 0
0 0
1 7
0 0
0 0
0 1
0 3
0 0
2 3
0 2
0 0
0 1
11 24
0 0
7 7
0 1
0 0
0 0
10 1
0 0
0 1
0 0
0 1
0 0
0 0
0 0
3 1
6 0
49 28
0 0
2 2
0 0
0 0
0 0
0 2
0 0
0 0
14 23
6 1
0 2
0 0
0 0
0 1
0 0
0 1
12 13
0 0
2 1
0 0
0 1
2 3
0 2
0 1
21 12
0 0
0 0
0 0
0 0
0 0
0 1
0 1
0 0
0 1
0 0
0 0
0 0
0 1
0 0
2 3
0 0
0 3
0 0
0 1
0 0
0 0
3 1
0 1
2 0
3 3
0 0
9 7
0 2
0 0
0 4
0 0
0 2
0 1
0 0
18 48
0 1
0 0
0 4
0 0
0 0
0 0
0 0
0 0
0 0
0 0
0 0
21 8
0 0
0 0
0 1
0 0
0 0
0 0
0 1
1 2
0 4
0 2
0 0
0 0
0 0
0 0
0 2
0 2
0 0
0 0
1 3
0 0
0 0
2 8
0 1
0 1
2 4
10 6
1 5
0 0
0 0
0 1
2 2
0 0
2 2
10 5
0 0
1 5
0 0
0 1
0 1
5 5
0 4
0 0
0 0
18 17
0 2
0 1
0 0
0 0
0 0
0 0
7 9
0 0
0 0
10 14
0 0
1 0
0 0
0 2
0 0
0 0
0 0
0 0
0 1
0 0
7 10
0 0
0 3
0 0
3 1
6 6
0 3
0 2
0 0
3 1
0 0
6 2
0 0
0 0
0 1
0 3
0 1
1 7
2 5
2 3
7 5
0 0
0 0
2 8
0 1
0 3
0 0
0 0
0 0
3 3
0 1
0 2
0 0
0 0
0 0
6 0
0 2
0 0
2 1
0 0
2 6
0 7
0 0
0 2
0 1
0 1
7 4
10 8
2 9
7 1
0 1
0 0
0 1
0 0
1 0
0 0
0 1
0 2
0 0
0 1
0 3
0 0
0 2
1 2
0 1
0 1
0 0
0 0
0 2
0 3
0 0
0 0
0 0
0 4
0 0
0 0
1 0
0 1
1 2
0 0
2 2
9 7
0 0
2 5
0 0
0 0
0 0
0 0
0 2
0 0
0 0
11 17
7 4
0 1
3 1
0 2
0 1
0 2
0 0
0 1
0 1
0 0
0 0
0 0
0 0
0 0
0 1
0 0
1 6
0 0
6 10
0 0
2 3
0 0
0 0
0 0
0 3
0 0
0 0
0 2
0 0
0 3
10 9
0 1
0 2
2 4
0 0
0 1
1 4
0 1
0 0
0 1
0 0
0 1
0 0
0 1
3 5
0 0
0 2
0 0
7 2
39 1
0 0
0 1
0 0
0 0
0 1
0 1
0 0
0 0
10 8
0 3
0 0
0 0
0 0
0 0
0 1
0 0
0 0
0 0
0 0
0 0
0 0
0 0
2 4
0 0
0 2
0 1
0 0
0 0
0 0
0 0
0 3
0 0
3 2
0 1
0 0
0 1
2 0
0 0
0 3
0 3
0 0
0 1
0 0
1 2
0 6
0 0
0 0
0 2
0 0
0 1
0 0
0 0
0 0
0 0
0 0
5 5
0 0
0 2
0 0
10 9
0 0
0 0
1 2
0 1
0 0
0 4
1 2
0 0
0 1
0 0
0 4
0 0
0 2
0 0
0 0
5 9
0 1
2 6
0 1
0 0
0 0
0 0
0 2
0 1
0 1
0 0
0 0
0 0
0 0
3 3
0 0
0 0
0 0
0 1
0 2
0 0
0 0
2 2
0 0
0 1
0 2
2 4
0 3
0 0
0 0
0 2
0 0
0 0
0 0
3 4
2 0
0 0
2 2
0 2
0 1
0 1
0 0
10 14
2 1
0 2
4 5
0 0
0 0
0 0
7 5
0 1
0 2
0 0
0 1
14 8
2 8
0 1
0 1
0 1
0 1
0 1
0 1
0 1
0 1
6 2
0 0
0 0
0 0
0 0
10 1
2 7
0 0
0 0
0 3
1 2
0 0
0 0
0 1
0 0
0 0
2 1
2 0
0 1
0 1
0 0
1 2
0 0
6 9
7 14
0 0
0 0
1 0
3 11
0 1
0 0
6 2
1 0
0 0
2 10
2 3
3 0
0 2
0 1
3 0
1 1
0 0
0 0
0 0
0 3
0 1
0 0
0 1
0 1
0 0
0 1
2 5
0 0
0 0
49 20
0 0
0 0
0 0
0 2
0 2
0 0
0 2
10 17
0 0
0 0
0 1
4 6
0 0
0 0
0 0
0 0
0 0
0 1
0 4
0 2
9 5
0 0
0 0
0 2
7 5
1 1
1 2
0 0
0 0
0 0
0 1
0 0
0 0
0 0
0 0
0 0
0 0
1 7
0 0
2 4
0 1
7 15
0 1
10 15
0 0
0 0
0 2
0 0
1 1
0 0
0 0
0 3
0 0
1 4
7 3
3 3
0 0
4 1
0 0
0 0
0 0
0 0
2 14
0 0
0 1
0 2
0 0
0 0
0 1
0 0
2 1
0 0
0 0
0 1
0 0
0 0
0 2
0 0
3 8
1 0
0 0
0 2
0 2
0 1
0 0
0 0
0 1
0 2
0 0
0 1
0 0
0 0
0 0
0 0
0 0
0 0
2 0
5 2
0 1
0 0
0 3
0 1
2 2
0 1
1 1
0 0
0 0
0 0
1 0
6 6
0 0
0 0
0 0
2 3
0 2
1 0
0 3
3 7
0 1
0 1
0 0
0 0
0 2
0 0
0 0
0 1
0 5
0 1
2 3
1 0
0 0
2 4
7 3
0 0
0 3
2 1
12 22
0 1
0 0
0 0
0 0
0 0
0 0
0 2
0 0
0 0
0 0
0 1
0 1
0 1
2 0
3 3
0 1
2 0
7 12
3 0
0 0
1 1
2 8
0 0
0 0
9 10
0 0
0 0
1 2
0 0
0 0
1 0
1 0
1 0
0 0
0 0
0 0
0 0
0 4
0 0
1 3
0 0
2 4
0 0
0 0
0 0
0 1
0 0
0 0
0 0
0 0
0 0
0 1
0 0
0 0
0 1
0 2
0 0
1 5
2 6
0 3
0 0
0 0
0 0
0 0
3 4
3 2
0 0
0 1
0 0
0 0
0 0
0 0
0 0
2 3
10 15
0 0
0 1
0 1
6 1
0 4
0 2
18 10
0 0
0 2
6 2
0 2
0 2
0 1
0 0
0 0
0 0
0 0
1 0
0 2
0 0
0 0
0 3
2 4
0 0
0 0
2 2
0 0
0 2
0 0
2 0
3 9
0 0
0 3
7 4
0 0
6 1
1 2
0 2
0 0
0 0
0 0
2 1
1 5
0 1
9 14
0 1
0 0
0 0
0 0
0 0
0 0
0 0
0 1
0 0
0 0
18 33
0 0
2 0
0 1
0 0
0 0
0 0
0 1
0 0
0 0
0 0
4 1
4 11
0 0
0 1
0 1
0 0
18 23
0 0
0 0
0 2
0 0
0 0
2 2
0 0
0 2
4 3
0 1
2 0
0 0
0 0
0 1
0 0
0 0
0 0
0 0
1 0
0 1
0 0
0 1
0 2
14 13
0 0
7 13
0 0
0 1
0 0
0 0
0 0
0 1
1 0
2 15
0 0
6 2
2 1
0 0
0 0
0 1
7 14
2 0
0 0
14 12
0 0
0 0
0 0
0 0
0 1
0 0
0 1
0 0
2 4
7 8
2 4
0 0
0 0
0 0
6 4
0 0
0 2
3 7
0 0
0 0
3 2
0 3
2 1
0 0
10 12
0 2
0 6
0 0
1 0
0 1
0 0
2 2
0 4
2 8
0 0
0 1
0 0
0 0
0 0
11 14
0 1
0 0
0 0
0 2
2 2
0 0
0 0
0 0
0 1
7 8
0 1
1 0
0 2
2 2
1 0
0 1
0 0
0 6
0 2
0 0
0 0
0 0
0 0
0 3
0 4
0 2
0 1
0 0
0 0
0 1
0 0
0 0
0 0
0 15
0 0
0 0
0 0
0 0
0 1
2 3
0 0
3 1
0 0
4 3
0 1
0 0
0 0
0 0
0 1
0 1
0 0
0 0
0 0
0 0
0 0
0 2
0 1
0 0
2 4
1 3
21 19
0 0
39 4
0 0
9 9
2 5
1 0
0 1
0 0
0 0
2 2
0 2
0 0
0 0
0 1
0 0
0 0
0 0
0 0
0 3
1 1
0 6
18 14
0 0
3 5
0 0
0 4
3 3
0 0
0 1
0 0
0 1
1 3
0 0
0 0
3 4
49 39
0 0
0 0
2 2
0 0
2 3
0 0
0 0
0 0
0 2
0 1
4 3
0 1
0 0
0 3
0 1
0 1
0 1
0 1
0 3
0 2
0 0
0 1
4 5
0 5
0 0
0 1
0 0
0 0
0 0
0 1
0 0
7 12
0 0
2 1
0 0
0 2
0 0
0 1
0 1
2 3
0 3
0 2
0 3
0 0
0 0
0 1
0 0
0 0
1 2
0 0
0 0
0 2
0 0
0 1
0 0
2 1
0 0
0 1
0 0
0 0
12 7
0 0
2 0
0 0
0 0
0 0
6 11
0 3
0 0
0 2
0 0
0 1
49 40
0 4
0 0
0 0
10 12
2 2
0 3
0 3
0 0
0 0
0 2
0 0
9 10
7 3
5 3
7 11
10 5
0 1
0 0
1 1
2 3
0 0
0 0
1 1
6 2
0 1
0 0
0 1
2 3
0 0
0 1
0 5
0 6
2 1
0 0
0 2
2 0
0 1
0 2
0 0
2 1
0 0
0 0
0 0
0 0
0 0
2 2
0 0
10 9
0 0
0 0
0 0
0 1
2 1
0 0
0 1
10 21
0 1
3 4
0 0
0 0
6 5
0 1
0 2
5 2
0 2
2 0
0 0
0 0
3 7
0 3
0 0
0 0
0 4
0 0
3 4
0 1
0 0
0 1
0 0
0 1
0 1
0 0
2 3
0 0
0 0
0 0
2 3
0 0
0 5
0 0
6 7
0 1
0 1
0 0
9 14
10 7
49 69
0 0
0 0
0 0
0 0
0 0
3 2
0 0
0 1
0 0
1 0
0 0
0 0
0 3
0 0
0 0
0 0
0 0
0 1
0 1
0 3
0 1
0 0
0 0
2 3
0 0
0 0
0 2
0 0
0 0
0 1
0 0
2 4
0 0
0 3
0 0
0 0
0 0
0 0
14 19
0 1
18 16
0 0
0 0
0 0
0 4
0 0
14 16
0 0
0 2
0 0
0 0
0 0
0 3
3 1
0 0
0 0
0 0
0 0
0 0
0 1
0 4
0 0
0 2
0 0
0 1
0 0
0 1
0 0
0 0
0 1
0 0
6 4
0 2
2 0
3 0
0 1
0 0
0 0
0 0
0 1
1 7
0 1
0 0
0 2
2 2
0 1
2 5
0 0
3 8
0 2
0 0
0 0
0 0
3 11
1 0
0 0
1 0
0 0
0 8
0 0
6 2
6 5
3 3
0 0
0 10
3 7
4 4
0 0
0 1
7 15
0 1
0 4
0 0
0 2
0 0
2 2
0 0
0 0
0 0
0 0
0 0
0 0
2 3
0 1
0 1
0 0
0 0
0 2
0 0
0 0
0 1
4 1
0 2
49 163
0 1
0 0
0 0
0 1
0 0
0 0
2 2
0 0
0 0
0 2
0 2
0 0
0 2
0 4
0 1
0 0
0 0
0 1
0 3
0 0
3 3
0 0
14 18
0 1
0 3
1 0
2 4
1 0
0 0
0 0
12 14
2 4
0 2
0 0
0 1
0 2
2 5
0 2
0 4
0 0
0 1
0 0
0 1
2 1
2 4
0 0
0 0
1 1
4 1
0 0
2 3
0 0
0 0
3 4
0 0
0 0
1 2
0 0
0 1
0 0
0 0
0 0
2 2
0 0
0 0
0 0
0 0
0 1
3 3
6 2
0 0
0 1
0 2
0 1
0 1
0 0
0 0
1 3
2 4
7 17
3 1
0 0
0 0
0 0
0 0
0 0
0 1
0 1
1 2
0 0
0 0
0 0
0 1
0 1
0 0
0 1
0 0
0 0
0 0
3 1
0 2
0 3
1 3
0 0
0 0
10 11
0 2
0 0
0 0
0 0
0 0
2 4
0 0
0 1
0 2
0 0
4 3
0 0
6 4
7 9
0 2
5 10
0 0
0 0
0 0
0 5
0 0
0 0
21 7
0 0
49 20
4 1
0 0
1 0
1 1
0 0
6 7
0 0
0 3
0 0
0 1
3 4
0 0
7 8
0 0
0 0
0 0
4 6
0 1
1 0
0 6
0 0
2 0
0 0
0 0
0 1
0 0
0 1
0 1
3 1
0 0
0 0
0 0
0 0
0 0
0 0
0 0
0 0
0 0
0 3
0 0
0 1
0 0
0 0
0 0
11 19
0 1
0 0
0 0
0 0
1 0
0 0
0 1
0 1
0 0
2 0
0 2
0 0
0 0
0 1
0 2
2 4
14 17
0 0
0 2
2 5
0 1
0 0
0 4
0 2
4 9
0 0
0 3
0 0
0 0
2 4
0 0
0 2
0 0
0 0
0 0
0 0
7 11
2 4
9 6
0 0
0 0
14 10
0 2
0 0
2 1
0 1
0 0
10 13
0 0
6 1
3 4
0 2
0 0
0 0
0 0
0 0
0 1
0 0
0 0
2 6
0 2
0 0
0 0
7 8
0 0
0 0
0 1
1 1
0 0
6 6
0 3
0 0
0 0
0 1
0 0
0 1
0 1
3 2
0 1
6 22
0 0
2 8
0 0
0 0
0 0
6 4
0 3
0 0
0 0
0 2
0 4
0 0
1 1
0 0
0 0
0 0
0 2
0 1
0 1
0 1
0 3
0 0
0 0
0 1
2 2
0 1
0 0
0 0
1 2
0 0
1 0
2 8
0 5
7 3
0 0
0 0
0 1
0 3
0 0
2 2
0 1
0 1
0 0
0 2
0 0
0 0
0 1
0 0
1 2
0 0
0 2
0 1
2 2
0 1
0 1
0 0
0 1
0 3
0 0
2 3
0 0
6 2
0 1
0 2
0 2
0 2
0 2
0 0
1 1
2 4
6 1
0 0
9 12
0 0
0 3
0 0
10 16
0 2
1 1
0 0
0 0
0 1
0 2
0 0
0 1
0 0
0 1
0 0
0 7
0 0
9 6
21 22
0 1
0 0
0 1
7 6
0 5
0 0
0 0
0 0
10 9
0 1
0 0
1 0
0 1
0 0
0 3
3 3
6 8
0 2
49 97
0 0
0 0
0 0
0 2
2 0
0 1
0 1
0 0
1 3
0 0
0 0
0 1
0 1
1 3
0 0
21 10
0 0
0 3
2 2
0 2
1 1
0 0
1 1
0 0
0 3
0 3
0 3
3 5
1 2
0 0
0 0
0 0
0 0
0 0
0 0
0 0
0 0
1 2
0 0
1 0
18 38
0 0
2 3
12 14
1 2
3 4
0 1
0 1
0 0
0 0
0 2
0 0
0 2
0 1
0 0
0 2
0 0
2 0
0 0
0 0
0 0
0 1
2 0
0 0
0 0
0 1
4 3
0 1
6 5
0 0
0 1
2 3
0 0
2 2
3 4
0 0
3 4
0 0
0 0
0 2
0 0
0 0
0 0
2 0
2 8
18 19
0 3
1 0
1 4
0 0
0 0
0 8
0 0
0 1
0 2
0 1
0 0
0 0
0 0
7 14
3 2
5 2
0 0
0 0
0 0
0 0
0 0
4 13
0 0
0 0
0 2
0 0
0 0
0 0
0 0
0 1
0 0
0 4
2 4
0 0
3 2
0 0
0 1
0 0
7 7
0 2
1 3
0 0
0 0
2 2
0 0
0 0
0 0
0 1
0 2
0 0
0 12
0 0
2 4
0 0
0 2
0 1
0 0
0 0
10 10
0 0
0 3
0 0
0 1
0 2
0 7
0 0
0 2
0 2
0 0
0 1
0 0
0 0
0 3
0 5
2 3
0 0
0 0
0 0
0 2
2 4
1 0
0 0
0 0
2 1
0 0
0 0
0 1
0 2
0 0
0 0
0 0
0 0
1 1
0 0
0 3
0 0
0 3
0 0
0 1
0 1
2 3
0 0
0 0
0 0
0 0
0 0
0 2
0 0
0 0
0 1
0 0
0 1
3 7
0 0
0 0
0 1
0 0
1 2
0 0
1 1
11 30
6 1
0 0
0 4
0 0
0 0
0 0
0 0
0 1
0 0
10 10
0 1
0 1
2 3
0 5
0 3
0 3
0 0
0 2
0 3
0 2
0 3
0 0
3 1
10 7
0 1
0 0
0 1
0 0
0 2
0 1
0 0
0 0
0 0
0 2
0 0
2 0
0 0
0 0
0 0
0 0
0 0
0 0
2 3
0 5
3 3
0 5
0 0
0 0
0 3
0 0
0 1
0 1
0 3
1 3
0 0
0 5
0 0
0 0
2 0
4 9
0 0
0 0
0 0
0 1
0 2
0 0
1 2
0 0
0 1
0 1
0 0
9 9
0 4
1 4
0 0
5 3
0 0
0 0
0 1
0 0
0 0
0 0
0 0
0 0
0 2
0 3
0 0
3 4
0 4
0 1
0 1
0 1
0 2
0 0
0 1
0 0
0 1
0 2
0 1
5 5
0 2
0 0
0 2
0 0
1 2
49 152
0 2
0 0
0 0
2 3
0 0
0 2
0 3
0 0
0 0
7 4
0 1
0 0
0 2
0 0
1 0
2 2
0 0
21 21
11 7
0 3
0 1
2 1
0 1
4 0
0 0
0 4
0 0
0 0
0 0
0 0
0 0
3 6
0 0
0 0
10 5
1 2
0 0
0 0
1 0
0 0
2 2
0 1
0 5
0 1
1 0
0 4
0 0
0 0
0 0
0 0
0 0
0 0
0 0
2 5
2 3
9 6
0 1
6 3
0 0
0 0
0 1
0 1
0 0
0 0
0 6
0 0
0 0
0 2
0 0
0 2
0 0
0 0
0 0
6 2
0 0
0 1
0 0
0 0
0 0
1 3
9 5
0 2
0 1
0 0
6 4
0 0
1 1
1 1
0 0
0 0
0 0
0 0
0 0
0 0
0 1
0 0
0 0
0 3
0 0
0 2
0 0
0 0
0 0
0 4
0 0
0 0
2 8
7 13
0 0
0 2
0 0
7 13
3 1
0 4
1 3
0 1
0 0
0 0
0 0
0 1
0 0
0 3
0 0
10 8
1 2
0 0
0 3
0 4
0 2
0 3
0 0
2 2
0 0
0 0
0 1
0 0
0 3
0 0
0 0
7 5
1 4
0 0
0 0
0 1
0 1
0 0
0 1
0 2
0 0
0 0
0 0
0 2
0 2
0 1
0 0
0 0
0 0
0 0
0 3
0 0
0 0
3 7
7 6
0 0
0 0
0 0
0 0
0 1
2 1
0 3
0 0
0 2
0 0
1 0
10 9
0 0
9 12
2 2
0 2
0 2
0 0
4 3
0 0
1 3
0 2
0 0
0 0
0 2
0 0
0 0
0 0
0 0
0 5
0 0
2 6
0 2
0 0
10 11
2 4
0 1
0 0
0 0
0 5
0 1
0 1
0 0
0 0
2 4
0 0
0 3
0 1
0 1
0 0
1 2
0 0
0 1
0 0
0 1
0 1
1 0
21 14
9 7
0 0
10 16
0 0
1 0
2 1
0 6
0 1
0 0
0 0
0 1
0 1
0 0
6 5
0 0
0 0
0 0
0 1
0 1
0 0
0 4
0 0
0 0
0 0
0 0
0 2
0 1
0 0
0 0
3 9
0 0
0 0
1 1
0 0
2 0
0 0
6 7
0 5
5 1
0 0
0 0
0 1
0 0
0 0
0 0
0 0
2 1
0 1
0 3
0 0
0 0
0 1
0 0
0 0
0 0
0 0
0 0
2 2
0 0
0 0
1 1
0 1
2 1
0 0
0 3
0 1
11 20
0 1
0 1
0 0
0 0
0 3
3 5
1 1
0 1
1 4
1 6
0 0
0 0
0 2
0 4
0 0
0 0
0 0
0 0
0 5
0 0
0 1
0 2
0 0
1 2
7 5
0 0
0 0
0 1
0 0
0 0
0 0
0 2
0 0
0 0
0 1
1 0
0 2
2 1
0 0
0 1
0 0
0 0
0 0
0 3
0 2
0 0
0 1
0 0
0 1
0 0
6 0
0 1
21 13
0 0
0 1
6 2
6 2
0 1
0 0
0 2
0 0
2 12
0 2
0 0
0 0
1 1
0 0
0 0
0 0
0 4
0 0
0 0
0 0
10 17
0 1
0 4
0 1
0 0
0 0
0 2
2 2
0 0
0 1
0 3
0 0
0 0
0 0
0 0
0 0
0 1
0 2
0 3
0 1
0 0
1 1
0 0
3 1
2 1
4 3
1 3
0 0
0 0
0 0
0 1
0 0
49 198
10 36
0 1
6 0
0 1
0 0
0 0
0 1
0 0
0 0
0 0
2 0
0 1
0 0
0 0
0 0
0 3
7 13
0 0
0 1
0 0
1 1
2 5
0 0
0 2
0 0
1 2
0 0
0 0
0 0
0 1
3 2
0 0
2 0
1 0
0 1
0 0
0 1
2 4
0 0
0 1
0 0
0 1
0 1
0 0
0 1
0 0
0 1
0 0
0 1
2 6
0 0
0 0
0 1
0 2
0 0
0 0
0 0
0 0
0 2
0 0
0 0
0 0
0 0
0 0
0 0
0 0
0 0
0 1
0 0
0 0
0 0
0 1
0 4
0 0
0 0
0 3
0 0
39 29
0 0
0 2
1 0
0 0
0 2
0 1
0 0
0 0
0 0
0 0
0 0
0 1
9 2
0 0
39 35
0 1
4 4
0 0
7 7
0 8
0 0
1 0
0 1
2 2
0 3
1 2
0 0
0 2
0 1
0 0
0 1
2 3
2 2
3 1
0 0
1 2
0 0
0 6
2 1
0 3
0 0
0 0
0 0
0 0
0 0
0 0
0 0
1 0
1 7
0 0
0 0
0 1
7 4
0 4
0 0
2 0
0 0
0 4
0 1
3 2
3 8
0 0
0 0
2 3
7 14
1 1
0 0
0 0
0 2
0 1
0 2
0 2
0 0
5 1
0 0
0 1
2 3
9 9
0 0
0 1
0 4
1 1
0 0
1 2
0 0
0 0
0 0
18 27
0 2
49 32
7 3
0 2
2 1
0 0
0 0
0 1
0 0
0 0
0 0
0 0
0 1
2 2
0 0
0 0
1 1
0 0
0 0
0 0
0 0
0 0
0 2
0 1
0 1
0 1
2 1
3 1
0 0
0 0
9 7
7 6
0 1
2 2
0 0
0 1
1 0
0 0
0 1
39 15
7 6
2 4
0 1
5 8
0 0
0 1
0 0
0 0
1 2
0 0
0 0
0 0
39 18
0 1
0 1
0 0
0 0
0 0
2 0
0 0
2 1
7 5
0 1
7 5
0 4
0 0
0 3
0 0
0 1
39 37
0 0
1 0
3 3
0 1
3 3
0 1
0 0
5 9
0 3
0 0
0 0
0 3
0 0
0 2
2 4
1 0
0 0
2 4
0 0
0 0
2 6
0 2
0 0
0 0
0 0
1 1
0 0
6 2
0 0
1 1
4 0
0 2
0 0
0 0
0 1
0 0
6 10
2 3
2 3
3 3
0 2
0 0
0 1
0 0
1 6
0 0
0 1
0 0
0 0
0 0
0 0
0 0
0 2
0 0
0 0
0 2
0 0
0 0
0 0
2 0
0 0
1 1
0 0
0 0
0 1
0 0
0 0
0 1
0 0
0 0
10 11
0 1
2 0
0 1
0 0
0 0
2 6
0 0
0 0
0 4
0 1
0 0
0 0
0 1
0 0
0 0
0 0
0 0
0 0
0 0
0 0
0 0
0 0
0 3
0 0
1 0
0 0
0 0
0 0
0 0
0 0
0 0
0 0
1 0
7 6
0 0
4 0
2 1
6 7
2 2
0 3
0 4
0 0
0 1
0 0
0 0
0 0
0 0
0 1
5 5
0 0
0 1
0 0
0 0
7 11
0 0
0 0
3 8
2 7
0 0
0 1
0 2
0 0
0 0
0 0
2 1
0 0
9 7
0 0
0 0
0 0
0 0
0 0
0 0
0 1
0 1
2 1
0 0
0 0
0 0
0 0
0 0
0 0
0 0
0 0
0 2
0 3
0 0
9 13
0 0
6 4
2 6
0 3
0 0
0 0
1 6
6 2
4 4
0 0
1 0
0 0
10 3
1 1
0 2
0 0
0 0
0 1
0 0
0 0
0 0
0 3
0 0
0 4
0 4
0 4
0 0
0 1
0 0
0 1
0 4
0 0
0 0
0 1
0 2
0 0
0 0
0 1
0 0
0 1
0 0
0 4
0 1
0 0
0 3
0 2
0 0
0 0
0 0
3 0
0 0
0 1
0 0
0 0
0 0
0 1
0 0
0 0
0 0
0 4
0 0
0 0
0 0
1 3
49 49
2 6
0 4
0 0
0 1
0 4
0 0
0 0
0 1
0 1
7 13
0 0
0 0
0 1
0 2
0 0
0 1
0 1
0 0
2 3
0 0
3 4
2 1
6 2
0 0
0 0
1 5
0 0
6 4
0 0
0 0
0 1
0 2
0 0
0 0
0 0
0 0
0 0
0 0
0 1
2 2
2 2
0 1
1 3
0 0
6 6
12 3
5 4
0 0
0 1
0 2
0 1
0 0
0 0
0 0
0 0
0 0
0 0
0 0
0 0
0 0
0 0
7 3
0 0
0 0
2 2
0 0
7 9
0 0
0 2
0 6
0 1
0 1
0 0
0 5
2 3
0 0
0 3
0 0
0 1
0 1
3 7
5 4
0 0
0 0
0 0
0 0
0 1
0 0
0 0
0 0
0 0
0 0
0 1
0 0
0 0
0 1
0 0
0 0
0 1
1 0
0 0
0 1
0 3
0 2
0 2
1 0
0 0
1 0
0 0
0 0
2 3
0 0
0 1
2 5
18 14
39 49
2 2
6 8
0 2
0 2
0 0
0 1
0 0
0 0
0 4
0 0
1 0
10 1
0 1
0 2
0 1
3 6
0 0
2 4
0 1
0 0
0 0
0 0
0 0
0 1
0 0
0 0
1 3
0 1
0 0
0 0
1 2
0 1
0 1
2 1
5 7
0 5
0 0
0 0
0 1
0 0
0 3
0 1
0 0
0 4
0 2
2 3
0 1
2 6
0 0
0 0
0 0
0 0
0 2
0 4
0 1
0 1
0 2
0 0
0 1
0 6
0 0
1 4
0 0
0 0
2 5
0 1
6 4
1 0
0 0
1 1
0 0
0 0
0 0
0 0
0 0
0 0
0 0
0 0
0 0
0 0
1 0
0 2
0 1
0 2
0 2
0 0
0 2
0 0
0 0
0 1
0 0
9 18
0 0
3 1
0 4
0 0
0 0
0 2
0 1
0 0
2 4
0 1
0 1
0 0
0 0
0 1
0 1
3 5
0 0
0 0
0 1
4 5
0 0
0 1
0 0
0 0
1 0
0 0
0 2
0 0
0 0
0 0
0 0
0 1
6 8
0 0
0 0
0 1
0 1
0 0
4 8
0 0
0 0
0 0
0 0
0 0
0 0
0 0
0 0
0 1
0 0
0 0
0 0
0 0
0 4
0 2
0 0
1 1
0 0
0 0
0 0
0 0
0 0
3 2
7 6
0 0
0 0
0 0
0 0
0 2
0 1
39 17
0 0
10 11
2 0
0 0
0 1
0 0
0 2
1 15
0 2
0 1
0 0
0 0
0 0
0 0
3 1
7 4
0 1
0 0
0 3
0 1
0 4
2 0
0 0
0 2
0 0
1 0
0 0
0 0
0 0
1 0
0 0
0 0
0 2
0 0
0 0
3 4
0 1
0 0
0 0
0 0
0 0
1 0
0 0
1 1
0 0
0 0
0 0
0 0
0 0
9 1
2 2
3 6
0 2
0 2
0 2
0 2
0 0
3 4
0 2
39 48
0 1
0 3
2 2
0 0
2 1
6 1
0 0
7 11
0 0
0 0
3 3
2 4
12 14
2 2
2 8
0 1
0 3
0 0
2 1
0 0
0 0
0 1
0 0
2 1
0 0
0 0
7 13
5 7
0 0
0 0
0 0
0 4
0 1
1 1
0 0
0 0
0 0
1 0
0 0
2 0
0 3
0 1
0 1
0 0
0 1
0 1
0 2
0 0
0 0
6 2
7 6
0 0
10 10
0 0
0 1
0 1
0 0
0 1
0 3
0 0
0 0
0 1
0 0
0 0
0 1
0 1
0 1
0 4
0 1
0 4
0 0
0 0
0 0
0 0
0 0
1 1
0 3
0 0
12 20
0 1
0 0
0 0
0 0
0 0
0 0
0 0
0 0
0 1
3 8
0 0
9 6
0 0
0 0
0 3
18 21
0 2
0 1
0 1
0 0
0 0
0 0
9 7
0 0
49 102
0 0
0 0
0 1
0 0
0 2
0 0
14 10
7 10
0 0
0 1
6 7
0 0
0 3
0 4
2 3
0 0
0 0
0 1
0 0
0 0
0 1
0 1
0 0
0 0
0 0
0 4
0 0
0 0
0 2
0 0
2 5
3 0
0 0
0 0
1 2
0 4
0 0
0 0
0 0
0 1
0 3
0 3
0 2
0 3
0 0
7 16
0 0
1 1
0 0
0 1
0 1
0 2
0 0
0 0
0 0
0 0
0 6
0 2
2 4
0 2
0 0
5 3
0 0
0 0
3 4
1 0
10 10
0 0
10 7
0 0
2 4
0 1
0 2
0 0
0 0
0 0
0 0
0 2
0 6
0 0
0 0
0 0
0 2
0 0
0 0
0 0
0 0
0 2
0 2
2 1
7 9
1 3
2 2
0 0
0 1
2 3
0 0
0 0
0 0
6 0
0 0
0 0
0 0
0 0
0 0
0 0
0 0
0 0
0 0
0 0
0 3
0 2
0 2
0 2
0 0
1 0
6 8
49 47
0 0
0 2
0 3
0 0
0 0
0 2
0 2
0 5
1 3
0 0
0 0
0 1
0 0
0 0
9 2
0 0
14 16
0 0
0 0
0 1
0 0
0 0
0 0
1 2
0 1
0 1
0 2
0 0
1 4
0 0
0 0
1 0
0 3
0 0
0 3
0 1
3 5
0 0
0 2
0 13
0 3
0 0
0 3
0 0
0 0
2 7
0 1
0 0
0 0
0 0
49 61
0 0
0 0
0 0
0 1
0 0
0 2
0 2
0 2
0 0
0 0
0 0
6 1
0 1
0 4
0 1
0 3
0 2
0 1
1 2
0 0
0 0
0 1
0 2
3 6
0 0
1 0
0 0
1 0
0 0
0 1
10 16
1 2
0 1
0 3
0 0
10 7
0 2
0 0
0 0
0 1
0 1
0 0
0 0
6 4
0 2
0 2
0 0
0 1
9 10
0 0
0 0
2 2
0 1
0 0
0 0
0 2
0 0
0 0
0 1
1 3
0 0
0 1
0 2
0 0
3 2
0 0
7 4
0 0
0 0
0 0
6 5
0 0
5 6
0 0
0 3
0 0
0 0
0 0
0 5
0 0
0 3
0 0
1 0
0 0
0 0
0 0
0 0
0 2
0 0
0 0
0 1
0 1
0 0
0 0
0 0
0 0
0 0
0 1
0 0
0 0
2 0
0 0
0 0
6 3
2 0
0 0
0 5
0 3
0 0
0 0
0 2
0 1
0 7
0 0
4 3
0 0
0 0
0 1
0 1
0 1
0 0
0 0
0 0
0 0
0 0
0 1
0 0
0 0
0 0
5 6
0 0
0 1
0 2
1 0
0 0
2 6
0 1
0 0
1 2
10 11
18 23
0 0
0 1
0 0
0 0
0 0
0 0
0 0
18 21
0 0
0 1
2 0
0 0
0 0
0 2
0 0
0 0
0 0
0 4
3 1
0 0
0 0
0 2
2 9
0 0
0 0
0 0
0 1
0 0
0 0
0 1
0 0
1 0
2 4
5 7
0 2
6 10
7 1
0 0
0 1
0 0
0 4
1 0
4 6
0 0
0 2
0 0
0 0
2 4
0 0
0 0
0 0
4 4
6 1
0 0
0 2
0 0
0 1
0 0
0 0
0 0
0 0
0 1
0 0
0 0
0 0
0 0
0 3
0 1
0 1
0 0
0 0
0 0
2 3
0 0
0 0
0 1
0 1
3 0
0 1
10 6
4 0
2 3
0 0
0 3
0 0
5 5
0 0
0 0
0 0
1 0
0 6
0 0
0 3
0 0
0 0
2 0
0 0
0 1
0 0
0 2
1 0
0 0
2 1
1 1
0 0
0 10
1 4
0 0
0 1
5 3
0 0
0 1
0 0
0 0
0 3
0 1
0 0
0 0
0 2
0 1
0 0
0 0
0 0
0 3
0 3
0 0
1 3
0 1
2 2
0 0
0 0
11 16
0 0
0 1
0 0
0 0
9 7
0 0
0 0
3 0
0 1
0 0
0 0
4 11
1 3
0 0
0 0
6 0
0 0
0 3
0 1
0 0
0 0
0 0
0 2
0 2
0 0
0 0
2 3
0 3
0 2
0 1
6 2
0 0
0 1
0 2
0 0
0 0
0 0
0 4
0 0
0 0
3 0
0 3
0 4
2 3
0 0
3 10
1 0
0 0
0 0
0 1
0 1
0 0
0 0
0 0
0 0
45 143
0 0
0 4
0 1
0 1
0 0
0 0
0 0
0 0
0 0
5 6
2 3
0 4
49 97
2 10
0 0
0 0
0 1
0 0
0 0
0 0
0 0
0 2
0 0
0 0
0 0
0 0
0 0
0 0
0 0
1 0
0 0
3 5
0 0
0 0
0 1
0 0
0 0
9 4
0 3
0 7
0 0
0 0
0 0
0 1
0 0
39 16
0 0
0 1
1 3
0 2
6 3
0 0
0 9
0 5
0 2
0 0
0 0
0 0
0 0
0 1
0 6
0 0
0 0
0 0
2 0
0 3
0 1
0 0
0 0
0 0
0 1
0 0
0 0
0 0
0 0
0 1
1 0
0 0
0 0
0 0
4 2
0 4
0 0
0 3
2 0
0 1
1 0
0 0
0 0
1 5
0 0
0 0
0 0
0 0
0 0
0 0
0 0
0 0
0 0
0 0
0 2
0 0
0 0
0 2
0 1
0 1
0 0
0 0
1 1
2 0
0 1
0 0
0 1
2 2
1 0
0 4
0 0
0 0
0 1
0 0
0 3
0 0
7 3
0 1
0 0
0 0
0 2
1 0
0 1
0 1
1 2
0 0
1 0
7 6
0 0
0 0
1 0
2 8
0 0
0 0
0 0
0 0
0 0
0 0
0 1
0 0
0 1
3 9
0 1
0 0
0 0
0 1
0 0
0 0
0 0
0 2
0 0
1 0
2 0
2 4
10 6
0 0
0 0
1 4
0 0
0 0
0 0
0 1
0 0
6 7
0 1
0 0
2 4
0 1
0 0
0 3
3 3
1 1
0 0
0 6
0 0
0 0
0 0
2 1
0 0
0 1
1 0
4 1
0 0
0 0
0 0
0 0
0 1
0 0
0 0
0 0
0 0
0 1
0 0
0 5
1 3
0 0
0 0
2 0
0 0
4 7
2 0
0 0
0 0
0 2
2 5
1 2
0 1
0 0
0 0
3 6
0 0
0 0
0 0
0 2
0 0
0 1
0 0
0 1
0 1
0 1
0 0
3 3
5 10
0 4
0 1
0 2
0 1
3 4
0 0
0 0
2 1
0 1
0 3
0 0
0 0
0 0
0 0
0 0
2 6
6 2
0 1
10 10
0 0
0 0
0 0
0 0
0 0
0 4
2 5
0 0
2 6
2 1
0 0
0 2
0 0
0 0
0 1
0 1
0 0
0 0
0 0
0 1
0 3
0 1
11 27
6 11
1 2
0 0
0 0
1 3
0 0
0 0
1 2
0 1
0 3
0 0
0 1
0 0
0 2
0 1
0 1
0 0
0 0
0 0
0 0
0 2
7 11
9 7
1 3
1 0
0 3
0 2
0 0
2 1
0 0
0 2
0 6
0 1
0 1
6 0
18 24
0 0
0 0
2 9
0 0
0 2
1 1
4 6
0 0
0 1
0 0
0 1
0 0
0 1
3 0
7 3
0 0
0 0
0 3
4 3
2 3
0 0
0 0
1 3
0 0
0 0
2 0
0 0
0 1
0 3
0 0
3 2
0 0
0 1
0 1
0 2
0 1
0 1
0 0
0 0
0 0
0 0
0 0
0 0
0 3
6 3
18 39
1 0
0 0
0 0
0 0
0 5
0 1
0 1
0 5
0 0
0 0
0 0
0 0
1 0
0 7
0 5
4 5
0 0
0 0
0 3
0 0
2 7
1 5
0 0
1 1
10 11
2 2
0 2
0 1
0 2
0 0
0 0
0 0
0 0
0 0
0 0
0 0
0 0
0 1
0 0
0 5
1 0
0 1
0 1
0 0
0 1
0 0
0 2
0 0
0 0
0 0
0 5
0 1
10 15
0 0
1 4
7 9
1 2
0 0
1 5
0 0
0 0
0 0
0 0
0 0
3 9
0 0
0 1
0 0
0 1
0 3
0 3
0 1
0 1
0 0
0 1
7 8
0 0
0 0
0 0
0 1
2 0
0 0
0 0
0 0
0 0
0 1
0 0
0 0
2 1
1 0
7 8
0 1
6 6
2 5
0 0
0 0
0 0
0 0
0 1
0 0
1 1
7 7
0 0
4 4
0 1
0 0
0 1
0 2
0 0
0 0
0 0
0 0
0 0
0 0
0 0
0 6
0 1
0 0
0 0
1 1
0 0
0 0
0 3
0 0
0 1
0 0
0 2
0 1
1 3
0 0
0 0
0 0
0 2
39 28
0 3
0 6
9 9
0 0
0 0
0 1
0 2
0 1
0 0
0 0
0 1
0 5
0 1
0 0
0 0
0 0
0 2
0 5
10 15
0 1
7 21
0 1
10 20
0 5
1 2
0 0
0 0
2 4
0 0
0 1
9 9
0 1
0 1
0 0
0 0
12 13
0 0
0 0
0 0
1 3
0 0
0 2
0 1
0 0
0 0
5 4
0 0
0 0
0 3
0 2
0 0
0 2
0 0
0 0
2 1
0 1
11 30
0 0
0 1
0 0
0 1
0 1
0 2
0 0
0 0
0 0
0 0
0 0
11 12
9 19
0 1
0 1
0 0
0 0
0 2
2 3
0 0
0 0
0 0
2 10
0 0
0 0
0 0
0 0
0 0
2 11
0 1
0 1
14 10
0 1
0 1
0 1
7 1
0 0
0 2
2 8
0 0
0 0
0 0
0 0
0 0
0 0
10 2
0 1
0 0
0 0
0 0
0 0
0 0
18 12
0 0
0 0
2 8
0 0
0 0
0 0
3 2
0 2
3 3
0 2
0 4
1 1
1 2
0 2
0 0
0 0
0 0
0 1
5 7
0 0
0 0
0 0
0 0
0 1
0 0
3 2
0 0
2 1
2 0
14 30
0 0
0 1
0 0
0 2
0 0
0 1
0 0
0 1
0 0
0 1
0 1
0 1
0 0
0 0
0 3
0 2
0 4
2 4
0 0
6 3
0 1
0 0
0 1
49 24
1 0
0 1
0 0
0 0
0 0
0 0
0 0
0 2
0 1
0 0
7 9
0 0
0 1
0 1
0 0
0 0
0 1
0 0
5 1
0 1
0 0
0 0
7 5
0 3
0 0
0 1
0 0
0 1
0 0
1 1
0 7
0 0
0 0
0 4
0 2
0 0
0 0
0 0
0 0
11 18
1 0
2 2
0 3
0 1
4 5
0 0
0 1
0 4
3 12
0 0
0 1
0 2
3 2
0 0
0 0
0 0
0 0
0 0
0 0
0 2
0 0
0 1
0 0
0 1
0 0
0 1
0 0
0 0
0 0
0 1
0 0
0 1
0 1
0 0
2 5
1 1
0 1
0 5
0 2
0 0
0 0
0 0
0 2
0 1
0 0
0 2
2 2
0 0
0 0
0 1
0 0
0 0
0 0
2 3
0 1
2 1
0 5
0 6
0 1
0 2
0 0
0 1
0 2
0 0
0 0
7 16
0 3
0 3
0 0
0 2
0 0
0 0
0 1
0 1
0 1
0 1
0 0
0 0
0 0
0 0
0 3
6 8
2 3
0 1
0 1
0 1
0 0
0 0
2 8
3 7
1 12
2 0
1 0
0 3
0 1
1 1
0 0
0 0
0 0
2 1
0 1
0 0
6 8
0 0
12 21
0 0
0 1
0 0
0 3
1 0
0 1
0 2
0 0
0 5
0 0
0 0
0 0
0 0
0 0
0 0
0 0
0 0
1 3
0 0
0 0
0 0
0 2
0 0
0 0
0 0
0 0
0 4
0 2
0 1
10 15
0 0
2 2
0 0
0 1
0 0
0 0
0 0
1 1
0 2
0 0
0 1
0 3
3 7
0 2
0 2
0 0
0 1
0 0
0 0
0 0
0 2
7 11
0 6
0 0
0 1
0 0
0 0
0 0
49 44
0 2
0 1
0 0
0 0
10 8
0 0
0 0
0 0
2 1
11 12
0 0
18 3
0 1
0 1
2 1
0 0
0 0
0 1
0 0
12 30
0 0
0 1
0 0
0 0
0 0
10 7
2 0
2 0
0 0
0 2
0 0
0 0
0 1
0 0
0 0
0 0
0 0
0 9
0 0
0 0
2 3
0 2
6 2
4 1
0 1
1 7
3 4
0 0
0 0
0 6
0 9
7 7
0 0
0 0
0 0
1 5
1 1
0 1
0 2
0 0
0 2
0 5
1 3
0 0
7 15
6 0
0 0
0 0
0 1
1 2
0 1
0 0
0 0
0 0
0 0
0 0
0 0
1 6
0 0
0 1
1 4
0 0
0 2
0 2
0 0
0 0
1 2
0 0
0 0
2 3
7 11
0 0
0 1
0 0
0 0
0 0
0 1
0 0
2 1
0 0
0 1
0 3
0 2
0 0
0 0
2 16
0 0
0 0
3 3
0 0
0 3
2 1
0 0
0 0
0 0
0 0
0 0
0 0
2 0
0 0
0 3
1 4
0 0
0 1
1 1
0 0
7 9
1 2
6 11
0 3
0 0
0 0
0 3
0 0
0 0
0 0
1 0
49 59
1 6
0 0
0 0
2 5
0 1
11 6
0 0
0 1
0 2
0 0
0 2
0 0
1 2
2 3
7 3
3 2
1 1
1 3
0 0
0 0
0 3
0 1
4 2
0 0
0 3
2 0
0 0
0 0
4 6
1 3
0 0
0 0
0 5
9 7
0 0
0 0
10 6
0 0
0 2
1 0
0 0
0 4
0 0
4 2
2 0
0 0
0 0
0 0
0 3
2 2
0 4
0 4
0 1
0 0
0 0
0 0
0 0
0 0
0 0
0 0
5 0
7 17
6 4
0 0
0 0
0 0
1 0
0 1
1 3
0 1
1 4
1 5
2 4
0 1
0 0
0 0
0 0
0 0
6 2
0 0
0 0
0 1
0 0
0 0
0 0
0 0
10 8
0 0
0 5
0 0
0 0
0 0
0 0
4 10
0 0
0 0
0 0
5 6
0 6
0 2
0 0
0 1
18 1
2 2
0 1
0 0
0 0
7 3
0 1
0 0
0 0
7 7
0 0
0 0
0 1
0 0
3 2
0 0
0 1
0 0
0 0
0 0
0 0
0 0
0 1
39 3
0 2
0 1
5 9
5 4
2 0
2 0
0 1
0 0
0 0
1 3
0 2
0 0
0 0
0 0
0 0
0 3
0 0
0 1
0 3
11 13
1 3
0 0
2 2
1 6
0 0
0 0
0 2
1 4
0 1
0 5
0 3
0 1
0 0
5 1
0 0
0 0
5 1
0 0
0 1
0 1
0 0
1 0
0 2
0 2
0 0
0 1
1 0
0 0
0 0
1 1
0 1
0 0
2 5
0 1
0 0
0 0
0 1
0 0
0 0
0 0
0 1
0 0
0 0
0 0
0 1
0 0
0 2
0 2
0 0
0 0
0 0
1 0
1 3
0 2
0 1
3 0
1 0
0 2
2 1
0 0
0 0
0 0
0 3
0 1
2 1
0 1
0 0
2 0
0 0
0 0
0 0
0 0
0 0
0 3
0 0
39 31
0 0
0 0
0 1
1 0
0 1
2 4
0 0
10 21
0 0
0 2
0 0
1 1
0 1
0 1
0 0
21 21
0 0
0 1
0 0
0 1
2 4
2 2
0 0
0 0
0 0
0 2
4 3
0 1
0 2
0 0
0 2
18 32
0 0
0 0
0 2
0 1
0 0
0 1
4 1
0 2
9 13
0 4
7 7
18 1
0 0
0 0
7 6
0 1
0 1
0 0
0 0
0 2
2 0
0 0
0 2
0 0
0 0
0 2
0 1
0 1
0 1
0 1
9 3
0 0
0 1
2 2
0 2
1 4
0 0
0 0
0 0
0 0
1 1
0 0
0 0
0 0
0 1
0 0
0 1
0 0
0 0
0 0
3 7
0 0
0 1
0 0
0 2
0 6
0 0
0 2
0 0
0 8
0 8
0 1
0 2
0 1
0 1
0 0
0 3
0 1
10 11
0 0
7 1
0 1
0 0
0 0
0 0
0 1
0 0
7 10
0 4
0 0
0 3
0 0
4 3
1 3
0 0
0 0
0 0
0 3
0 0
0 0
7 8
6 11
0 0
0 1
0 0
0 0
2 2
0 1
2 1
0 3
0 1
0 0
0 0
0 1
0 0
0 0
9 7
0 0
0 0
0 3
1 2
2 2
0 2
3 13
0 0
10 4
0 2
0 0
0 1
0 0
0 0
0 1
0 0
2 5
0 0
0 3
0 1
0 0
0 0
0 0
1 2
0 7
1 1
0 0
0 0
0 0
0 0
0 0
3 0
0 0
0 0
0 0
2 3
0 0
0 1
0 0
0 4
0 0
1 2
0 0
0 0
0 1
0 0
0 0
0 0
0 0
0 0
2 0
0 3
0 0
0 0
0 1
0 0
0 0
0 2
0 0
3 3
0 0
0 0
10 8
0 2
0 0
0 0
6 4
0 1
0 1
10 1
18 28
0 0
0 2
1 0
0 0
1 1
0 5
6 1
1 3
0 0
0 0
0 0
0 0
0 0
0 1
0 0
0 0
0 2
2 1
0 0
0 4
0 1
0 2
7 5
0 0
1 0
0 0
10 12
0 1
0 0
0 0
0 1
0 0
0 3
0 0
0 0
0 0
0 0
0 2
0 1
0 1
0 1
0 4
0 2
0 2
0 2
6 3
0 1
0 2
9 1
0 5
1 4
0 0
0 1
0 1
0 3
0 0
3 4
2 5
0 0
0 1
0 0
0 0
0 0
0 0
4 1
0 0
2 3
0 0
0 0
0 2
0 2
1 0
0 0
0 0
6 2
0 1
0 0
0 4
0 0
0 1
0 3
0 1
0 0
2 4
0 0
0 0
0 0
0 0
0 0
0 0
0 0
0 0
0 0
0 0
0 0
0 2
0 0
0 0
0 0
0 1
0 0
0 4
0 0
0 0
0 3
0 0
0 0
0 1
1 1
0 0
0 0
0 0
0 0
0 0
2 2
0 1
0 0
6 2
4 8
0 3
0 0
2 0
0 0
0 0
1 2
2 1
0 0
0 0
0 2
10 8
0 0
0 1
0 0
0 1
0 0
0 0
0 0
2 2
0 1
0 0
0 0
0 1
0 0
0 1
0 0
0 0
0 0
0 0
0 0
0 1
0 0
0 0
0 0
0 0
0 0
1 3
0 1
4 7
0 0
0 0
0 1
9 4
0 0
0 0
0 1
0 1
0 0
0 0
9 6
1 4
4 3
2 2
0 0
2 10
9 9
0 0
0 1
0 0
0 0
0 0
0 1
0 0
0 0
0 2
0 0
0 2
0 1
0 0
0 3
4 3
0 0
0 0
0 1
0 0
2 5
3 7
0 0
1 0
0 0
7 6
0 0
2 0
0 1
14 12
0 0
0 2
0 1
0 0
11 21
0 0
0 2
0 0
0 0
0 1
2 0
2 2
9 7
0 0
0 0
0 0
7 20
0 1
0 0
0 0
2 3
0 3
0 0
0 0
0 0
9 4
0 2
7 5
0 0
2 4
0 0
0 0
18 24
0 0
0 0
0 0
0 5
3 3
0 1
0 2
0 0
0 1
0 1
0 1
7 2
9 1
0 1
0 0
0 0
0 0
0 0
0 0
9 10
5 7
0 1
0 3
0 0
0 1
18 10
0 0
0 3
0 1
0 0
0 0
0 0
7 8
0 0
0 2
0 0
6 4
0 0
2 0
0 3
0 1
2 6
0 0
0 3
0 0
0 0
0 2
0 0
2 1
0 4
0 0
0 0
14 27
0 0
0 0
0 0
49 83
1 0
0 1
1 4
2 3
0 0
0 0
0 1
1 0
0 2
2 3
0 0
0 0
2 10
7 17
0 1
0 0
0 0
3 4
0 0
1 0
1 0
0 0
0 1
0 1
0 1
6 0
0 2
0 0
3 12
0 0
10 11
12 28
0 1
0 0
0 0
0 4
0 0
0 0
2 2
0 0
0 0
0 0
7 3
0 1
0 0
0 0
2 6
0 1
0 7
0 0
0 0
0 0
0 1
10 7
0 0
1 0
0 0
0 1
0 0
0 1
0 0
0 0
0 0
0 0
0 0
4 9
2 1
0 3
0 0
2 0
7 7
0 2
0 1
0 0
0 0
7 3
0 1
0 5
5 0
0 2
0 0
0 1
0 1
7 17
7 4
0 0
0 0
1 1
0 0
0 0
0 0
0 0
3 18
0 0
0 0
0 5
0 1
0 0
0 0
0 0
0 1
2 2
1 3
0 0
0 0
0 0
0 1
6 6
0 1
0 1
0 0
0 0
0 0
0 0
1 2
0 1
0 2
0 0
0 0
0 0
2 7
2 1
0 0
0 0
1 3
0 0
0 0
0 0
0 0
0 1
0 0
0 1
0 0
0 0
0 0
0 0
6 7
10 11
0 2
0 0
0 0
1 1
0 0
4 3
0 3
0 2
0 0
2 6
0 0
0 4
0 0
0 0
0 0
0 1
0 0
0 4
0 0
0 0
0 0
0 0
0 1
0 0
0 1
0 2
0 0
0 4
0 0
0 0
0 0
0 0
0 0
0 0
2 2
0 0
0 0
0 2
0 1
0 0
1 1
0 0
0 1
0 1
0 0
0 1
0 0
0 1
0 0
0 1
0 3
18 29
11 34
0 0
0 0
0 0
0 0
9 4
11 10
0 0
1 0
0 1
0 0
0 0
2 2
1 0
0 0
2 2
0 1
0 0
0 0
0 0
0 0
0 1
0 0
0 0
0 1
0 0
2 1
0 1
3 4
0 2
1 2
0 1
0 0
0 0
14 10
0 2
0 0
1 1
0 0
0 1
0 4
0 0
0 0
0 1
0 1
0 0
0 0
3 3
0 1
2 2
0 0
0 0
0 1
0 0
0 0
0 1
0 2
0 6
0 0
0 0
0 0
1 3
0 0
6 2
0 1
0 1
0 0
2 0
0 2
0 1
0 0
0 0
0 0
0 0
0 0
0 0
0 0
0 0
0 0
0 0
0 0
12 11
0 0
6 3
0 2
0 8
0 4
0 0
7 2
0 4
0 0
0 0
0 0
0 0
0 1
0 0
0 0
0 0
0 0
0 0
3 3
0 0
0 0
0 7
0 4
2 5
2 1
39 29
2 6
9 2
6 7
18 34
0 4
0 5
0 0
0 0
0 0
6 6
1 4
3 0
1 6
0 0
0 2
0 1
0 2
0 0
0 0
0 1
0 0
4 7
0 0
0 0
2 1
5 8
2 4
0 1
2 4
6 6
0 3
0 2
0 0
0 0
0 0
0 0
0 0
18 29
1 3
18 4
0 0
0 0
7 14
2 3
0 1
0 0
6 4
0 1
2 4
0 0
0 0
0 0
0 2
0 1
6 2
0 1
0 0
2 3
1 3
2 1
0 1
0 5
2 2
2 11
0 0
2 0
2 1
0 0
2 0
49 65
0 3
0 0
0 0
0 3
0 0
0 0
0 0
0 0
0 1
0 1
0 0
0 0
0 0
0 0
0 0
0 2
0 0
0 2
2 1
3 4
49 38
0 2
2 3
0 1
0 1
0 0
0 0
3 3
0 0
1 2
0 0
0 0
0 0
0 1
1 0
0 2
0 0
0 0
0 0
0 0
0 0
0 2
0 0
2 0
0 0
2 3
0 0
7 0
6 2
6 4
0 0
0 0
0 4
1 5
0 0
0 1
0 1
0 0
0 0
0 0
0 0
0 0
2 0
0 1
49 231
18 25
0 0
0 0
49 186
0 1
0 1
0 0
0 0
0 0
0 1
0 3
0 0
0 0
0 0
0 0
2 0
0 0
3 3
0 0
0 1
0 0
0 0
0 0
0 0
0 1
0 1
0 2
0 1
1 2
0 0
10 16
0 1
0 1
2 0
0 1
3 1
2 0
2 2
0 0
0 1
9 5
0 0
0 0
0 0
0 3
0 2
0 0
0 1
3 5
0 2
0 0
5 3
0 1
0 0
0 0
2 0
0 0
10 8
0 2
3 2
0 0
0 0
0 1
0 0
0 1
0 0
0 0
0 3
0 0
2 2
0 0
0 0
2 1
0 4
4 15
0 1
0 0
0 0
1 1
0 2
0 1
2 0
0 0
0 0
0 1
0 0
0 1
0 0
0 1
0 0
0 0
0 0
0 0
0 1
10 7
0 0
2 0
0 0
0 0
0 1
0 0
0 0
0 4
0 0
0 0
10 15
2 2
0 0
0 3
1 0
1 3
0 1
0 0
0 0
1 2
2 5
0 0
0 0
0 1
0 4
5 25
0 0
0 0
0 0
0 0
2 3
0 0
0 0
0 1
3 1
2 1
0 0
0 0
2 1
1 0
0 1
0 3
0 0
10 11
0 0
0 1
4 0
0 1
0 0
0 0
0 0
0 0
0 2
2 5
0 0
4 3
0 0
0 0
0 0
0 0
0 2
0 0
0 0
2 3
0 0
0 0
0 0
0 9
0 1
0 0
6 11
0 5
0 0
0 0
0 0
0 1
0 2
0 2
0 1
7 9
9 0
3 0
0 0
0 0
0 0
0 2
0 1
5 15
0 0
0 3
2 3
3 0
0 0
0 0
2 2
0 4
0 0
5 3
0 0
0 0
0 4
0 0
0 0
0 1
2 3
0 2
0 0
0 3
0 0
0 1
0 0
0 1
0 1
0 0
0 5
0 0
0 1
0 5
0 1
0 0
2 4
0 0
21 12
0 1
0 0
0 0
0 0
0 1
0 0
0 0
0 0
0 0
6 3
0 1
0 3
0 0
0 0
0 2
0 1
2 1
0 0
0 0
0 0
0 0
0 0
0 0
0 1
0 0
0 0
0 0
0 0
2 3
0 1
0 0
6 6
0 0
0 0
1 9
21 19
0 0
2 0
2 2
0 1
0 1
1 4
0 0
0 2
0 0
0 0
0 0
0 2
0 1
0 1
0 7
0 1
0 4
0 0
0 0
0 2
0 0
0 6
10 6
0 0
0 0
0 1
0 0
1 1
0 2
0 3
0 0
0 3
0 1
3 3
0 3
2 1
0 0
0 2
0 0
1 6
0 0
0 1
0 4
0 0
0 2
18 22
0 0
0 0
2 8
0 0
0 0
0 0
0 0
0 0
0 0
0 0
2 1
0 1
0 1
0 1
0 0
0 0
0 0
0 0
0 0
0 2
0 0
4 0
0 0
0 1
0 0
0 1
0 1
0 0
9 14
0 0
7 3
2 2
0 0
0 1
0 1
0 0
14 18
0 0
0 0
9 0
0 0
0 2
0 2
0 0
0 1
0 0
0 0
1 4
3 13
0 1
6 36
2 5
0 0
12 24
1 1
0 1
0 0
0 0
0 8
0 0
0 0
0 0
0 2
6 5
4 5
0 0
1 3
0 0
0 1
0 2
0 1
0 0
0 1
1 3
0 0
0 0
0 7
0 0
0 3
6 4
0 0
0 0
4 1
0 1
2 2
7 17
2 10
0 1
0 0
3 3
0 0
7 1
0 0
0 0
0 0
0 0
1 5
2 1
0 0
0 0
0 4
0 1
3 4
1 1
1 1
0 0
0 0
2 5
0 1
0 2
2 6
0 0
0 0
0 0
3 5
0 3
0 5
49 55
0 2
0 0
0 0
1 3
0 2
0 0
0 1
0 0
3 6
0 0
0 1
0 6
0 0
0 0
0 0
0 0
2 0
2 0
0 0
0 0
7 2
0 0
0 0
1 2
0 1
0 1
0 0
7 0
0 1
0 2
0 0
0 1
0 0
0 2
2 1
6 0
0 2
0 0
0 0
0 3
0 3
0 3
6 5
0 0
0 1
0 0
0 0
0 1
9 6
0 1
0 0
0 3
0 0
0 0
0 0
0 0
0 0
0 1
49 78
0 0
3 0
4 2
0 1
0 0
0 1
3 0
0 0
0 0
0 0
0 4
0 1
1 6
6 3
0 1
0 0
0 0
0 0
0 0
0 0
10 11
0 3
1 3
0 0
0 0
1 1
0 1
0 0
0 0
0 0
0 0
0 1
0 0
0 0
0 0
0 3
0 2
0 1
11 22
0 0
0 0
0 0
0 0
2 6
0 1
0 0
2 7
0 0
0 0
2 5
0 0
0 0
0 0
0 1
0 1
0 0
0 0
0 0
2 2
0 3
0 0
2 0
0 3
0 1
0 0
2 4
0 2
0 1
0 0
0 0
0 0
0 0
0 0
0 2
0 0
6 1
0 0
0 2
0 0
0 0
0 0
0 0
0 2
6 2
0 0
0 1
0 1
0 1
0 0
0 2
0 3
0 0
0 0
0 1
0 2
0 1
0 1
0 0
0 0
0 0
0 2
0 1
0 0
0 0
0 1
0 0
0 0
0 0
0 1
3 1
0 1
0 0
0 2
0 0
0 3
0 0
0 0
3 2
0 0
0 0
0 0
12 29
2 2
0 0
0 0
0 1
0 0
0 0
0 0
2 1
0 0
0 0
1 1
0 0
6 10
0 0
2 2
0 1
3 4
0 0
0 0
0 0
0 0
0 1
0 0
0 0
39 24
0 0
6 0
0 0
0 0
0 0
0 0
0 0
2 4
0 4
2 4
2 0
2 5
0 0
1 3
0 2
0 0
0 0
0 0
0 0
0 0
0 0
0 0
0 1
0 0
0 0
0 0
6 8
0 0
0 0
0 0
0 0
14 5
0 1
0 1
0 0
0 0
0 0
2 7
0 1
0 0
0 0
0 0
0 1
0 0
0 1
0 0
0 0
0 1
0 2
0 1
0 0
0 0
0 2
0 0
0 2
0 0
0 0
0 0
0 1
0 0
0 0
0 0
0 0
0 1
0 1
0 0
0 1
0 0
0 2
0 0
0 3
7 12
3 1
0 1
0 1
3 2
0 1
0 3
0 1
0 0
0 0
1 0
0 0
1 1
0 1
0 2
0 2
0 1
14 31
0 0
0 0
0 0
4 8
0 2
0 0
0 0
0 0
0 0
0 4
0 0
0 0
0 6
39 40
0 0
0 0
0 2
0 1
2 0
0 0
0 0
0 0
0 0
0 4
0 2
0 0
6 17
0 3
2 2
0 0
3 4
0 1
0 0
0 0
0 0
2 3
2 0
2 5
0 4
0 1
0 0
0 1
0 0
0 0
0 1
0 3
0 2
0 0
2 2
2 4
0 0
0 0
0 0
0 1
0 0
0 0
0 1
0 1
0 0
0 4
0 1
39 42
0 4
0 0
0 0
0 2
0 0
0 0
0 0
0 0
0 0
0 3
3 0
0 0
0 0
0 0
0 0
7 3
0 0
0 0
0 0
0 0
0 0
0 0
0 0
0 1
0 4
0 1
0 0
0 0
6 8
0 0
0 0
0 0
2 1
0 1
3 3
0 2
0 0
0 0
0 0
0 1
0 0
9 7
0 2
18 15
0 0
0 0
0 6
3 7
0 0
2 2
0 2
0 0
0 0
0 1
14 10
0 1
0 0
0 0
0 0
0 1
0 0
0 3
2 3
0 0
0 0
0 0
0 1
1 0
11 5
0 0
1 6
0 0
0 2
5 0
0 3
0 0
0 1
0 1
0 0
0 1
6 1
0 1
0 0
0 0
0 1
0 0
0 3
0 2
0 0
1 4
0 0
0 0
0 0
0 1
0 0
0 0
6 0
0 5
1 0
10 16
0 0
2 3
0 1
0 1
0 0
1 0
0 0
0 1
0 1
0 1
0 3
0 3
0 2
0 0
0 0
0 2
0 0
0 0
0 0
0 1
2 0
5 11
0 0
0 1
0 0
0 5
0 0
0 0
0 0
0 0
0 0
1 1
0 3
1 1
1 3
0 1
0 1
0 1
0 0
0 4
6 4
1 0
0 0
2 6
0 0
0 0
0 0
1 0
0 3
0 3
0 2
0 3
0 0
0 0
0 0
3 3
0 0
0 2
0 1
9 9
0 1
7 6
0 0
0 3
7 0
0 0
0 1
0 0
0 2
0 0
0 0
2 1
0 0
0 0
0 1
0 0
7 7
0 1
0 0
0 3
0 0
0 0
0 0
0 0
0 0
7 0
0 2
0 0
0 1
0 0
3 5
0 0
0 0
7 8
0 0
0 0
1 1
2 2
7 9
0 0
0 0
0 0
6 5
0 2
0 2
0 1
0 0
0 5
0 0
0 0
3 8
0 0
0 1
7 6
0 0
1 1
0 5
2 5
0 1
0 0
2 5
0 0
0 4
0 0
0 3
0 1
1 0
0 0
0 0
0 1
14 25
1 1
0 0
1 7
0 0
0 3
0 0
0 0
39 27
0 0
0 0
1 3
0 2
0 0
0 4
2 3
1 0
0 0
0 0
0 0
6 7
2 1
0 1
1 1
0 0
0 0
6 4
0 1
0 0
2 0
2 0
0 12
2 1
0 0
0 0
18 18
0 3
0 1
0 0
0 0
0 1
2 4
0 0
0 0
0 0
0 3
10 1
0 0
0 0
0 0
2 1
0 2
1 1
0 1
4 1
2 5
0 0
0 0
0 1
0 1
1 2
7 6
0 0
0 0
0 2
0 0
2 0
0 2
0 0
0 0
0 2
0 0
0 0
0 0
2 0
6 10
0 0
0 0
0 0
0 5
0 0
0 1
0 0
3 2
2 1
0 0
0 0
2 3
9 13
1 1
21 13
0 1
0 0
0 2
0 1
0 0
0 0
12 32
0 0
0 2
0 0
0 0
7 3
0 0
0 0
1 3
0 0
0 1
39 38
0 0
0 0
0 0
0 0
0 0
0 2
0 0
0 2
0 1
2 0
0 0
0 1
9 3
7 14
0 0
0 1
7 11
0 0
2 0
0 0
0 1
0 2
0 0
0 4
0 0
6 0
0 0
0 0
0 0
0 0
0 0
0 1
0 0
0 3
0 6
0 0
0 1
0 0
0 1
0 0
12 31
6 4
7 12
0 3
0 0
0 0
1 1
0 2
0 0
0 0
0 1
0 2
0 0
0 2
0 0
1 0
0 0
3 5
0 0
6 0
0 3
0 0
0 0
0 0
0 0
0 0
0 1
0 0
2 0
6 3
6 6
6 3
0 0
7 11
0 0
6 0
0 1
0 0
0 0
0 7
0 0
7 5
0 0
0 0
0 0
2 3
2 6
0 0
2 1
3 3
0 7
6 3
0 1
0 0
39 34
0 0
0 0
0 0
0 0
5 1
0 3
0 0
0 0
0 0
0 2
2 4
6 6
0 0
0 0
11 3
3 2
0 1
10 23
3 1
0 0
0 1
3 3
0 0
0 0
2 0
0 3
0 3
0 0
0 0
0 0
0 1
2 3
2 1
0 1
0 0
0 0
0 1
0 1
0 8
0 0
0 0
0 0
0 0
2 6
0 0
2 1
0 1
0 0
6 0
0 5
1 2
0 2
0 1
0 0
0 1
0 0
0 0
0 0
2 3
0 0
0 0
0 2
0 0
0 2
0 0
0 0
0 0
0 0
1 0
0 2
0 0
7 7
0 1
0 0
0 3
2 6
9 9
1 1
2 0
0 2
0 0
0 0
0 0
0 1
3 5
0 0
0 2
7 16
0 0
0 0
1 0
0 1
0 0
2 4
0 3
2 0
6 5
0 0
0 1
0 1
0 10
0 0
0 0
10 18
0 0
2 4
0 0
0 5
0 0
0 1
0 0
0 1
0 1
1 2
0 2
0 0
0 3
0 0
0 0
0 0
0 1
0 1
0 0
0 0
0 1
0 0
0 0
0 1
1 0
0 0
0 0
7 9
0 3
0 0
11 12
0 0
0 1
0 0
0 0
0 3
0 0
0 0
1 6
0 1
0 0
2 7
5 2
0 0
0 0
1 2
0 0
0 2
0 0
0 2
5 7
0 0
0 2
0 7
0 0
0 0
1 2
0 0
0 0
0 2
0 1
2 4
0 0
0 1
1 0
0 2
0 0
2 1
0 0
0 0
0 0
0 1
0 0
1 0
3 2
0 8
0 0
0 7
0 0
0 0
0 0
1 0
0 0
2 4
0 0
0 0
0 0
9 6
0 0
0 0
0 0
2 2
0 1
0 0
0 4
21 7
0 0
12 12
0 0
0 1
0 0
2 1
0 1
0 0
0 0
0 2
0 0
0 0
0 0
0 0
0 1
0 1
0 0
0 0
0 1
0 0
0 0
0 0
2 1
0 0
0 2
0 0
0 0
0 0
0 0
0 0
0 3
0 1
0 4
0 1
0 0
0 3
0 1
9 3
39 6
0 0
1 2
3 2
0 3
0 0
9 6
0 0
0 0
0 0
1 2
0 0
0 0
2 1
1 0
0 0
1 0
0 0
0 0
0 0
0 0
0 2
0 2
0 1
0 0
7 6
0 0
0 0
0 4
0 0
1 1
0 1
2 3
14 25
0 0
2 4
1 0
0 1
0 0
0 0
0 0
0 0
0 0
1 1
5 11
0 0
1 1
0 0
0 0
0 0
0 0
0 0
0 2
3 6
0 1
0 0
0 0
0 1
0 1
0 2
0 0
7 5
0 0
7 8
0 0
0 1
0 3
0 0
0 0
0 1
0 0
9 19
0 0
0 2
0 1
1 0
0 0
0 1
0 1
0 2
0 2
0 0
0 1
0 0
0 1
0 4
0 0
0 1
0 0
0 0
0 1
0 0
9 3
0 0
0 1
0 0
2 3
0 0
14 12
4 0
7 18
14 12
0 1
0 0
0 0
0 3
1 0
0 0
0 0
7 11
0 1
0 3
3 4
0 0
0 0
2 5
0 2
0 0
0 0
0 1
0 0
0 0
0 0
0 0
0 1
0 1
0 1
0 2
2 2
0 0
0 0
0 12
0 0
0 0
0 0
2 4
3 5
0 0
0 1
9 12
2 2
0 0
0 0
0 1
45 61
0 0
0 0
0 0
0 1
0 0
0 1
0 0
7 11
0 0
0 0
0 2
0 0
1 3
0 1
7 0
0 0
0 0
0 2
10 15
0 0
0 0
3 1
0 0
0 1
0 6
0 0
0 0
0 0
0 0
0 1
0 0
0 0
1 3
0 1
0 0
0 0
0 0
0 0
3 2
5 8
1 2
0 0
0 2
0 2
12 15
0 1
0 0
0 0
0 0
0 0
0 0
0 2
0 1
0 3
0 0
0 1
0 1
2 5
0 2
0 0
0 0
1 1
0 0
0 1
0 0
6 12
1 4
0 0
0 0
0 1
0 0
2 9
0 0
0 2
1 5
0 1
0 2
0 1
0 6
0 0
0 0
0 0
0 0
6 3
2 4
0 0
0 0
0 1
0 0
0 0
0 1
0 1
0 0
0 0
39 30
0 0
0 0
0 0
10 11
0 0
0 0
0 0
0 2
0 0
1 0
0 0
0 4
0 2
7 7
0 0
2 6
2 0
0 0
0 0
0 1
0 0
3 1
0 0
0 0
0 0
0 1
0 0
0 0
0 1
0 3
2 3
4 4
49 68
0 0
0 1
0 1
0 0
0 1
0 1
0 0
0 0
0 0
0 0
0 0
0 0
0 2
1 0
0 1
0 0
0 0
0 1
0 0
2 7
0 0
0 0
0 0
1 5
0 0
2 0
0 1
1 0
9 10
0 1
0 4
0 0
0 2
0 0
0 0
0 0
18 26
1 1
2 5
0 2
0 1
0 0
0 2
0 1
6 0
1 3
0 0
0 0
0 0
0 0
7 9
0 0
0 1
2 0
2 2
2 1
0 1
0 1
2 3
0 0
0 0
0 1
1 4
0 3
0 1
0 1
0 0
0 0
0 0
2 3
0 0
0 0
0 0
0 0
2 1
0 0
0 2
0 0
6 5
0 0
0 0
0 0
0 1
6 5
6 10
7 6
0 0
0 1
0 0
0 0
0 0
0 2
0 0
0 0
0 1
0 1
0 0
0 2
1 4
0 1
0 0
0 0
6 5
0 2
2 1
0 1
0 1
0 0
3 8
2 1
0 1
2 2
0 0
0 0
5 1
0 0
0 0
7 9
2 1
0 3
0 0
4 3
1 1
0 0
0 0
0 3
3 3
2 9
0 1
0 0
0 0
0 0
0 2
6 6
0 1
0 0
0 0
2 2
0 2
0 2
0 0
0 1
0 0
0 0
0 2
0 0
0 0
0 0
5 5
2 6
0 0
0 0
1 1
0 1
0 2
0 1
0 0
0 0
2 1
2 0
0 1
0 2
14 14
0 0
0 0
0 0
0 0
0 0
4 3
0 0
0 2
2 3
0 0
0 4
0 1
0 1
0 1
39 41
0 0
0 0
0 1
0 0
0 0
0 3
0 0
5 6
0 0
3 6
7 12
0 1
0 3
0 0
1 5
0 0
1 2
0 0
0 0
0 0
0 0
2 5
1 0
2 6
0 0
0 2
0 0
0 0
0 0
0 0
0 0
0 0
0 1
0 0
0 0
0 0
0 0
1 0
0 0
0 1
0 2
0 5
9 0
0 0
0 0
2 0
0 0
1 0
0 0
0 1
0 2
0 0
12 13
0 1
0 1
2 11
0 1
0 0
0 0
0 0
0 0
0 0
0 2
0 0
0 1
0 0
0 0
2 8
0 0
0 5
0 1
0 0
2 1
0 0
0 0
2 1
1 2
0 0
0 0
0 0
2 6
0 0
0 0
1 4
0 0
0 0
2 5
0 0
6 12
0 0
1 4
2 1
0 1
0 0
0 0
0 2
0 2
0 1
0 5
2 1
0 0
0 0
1 0
0 0
0 1
1 1
1 6
0 0
0 1
0 0
3 3
0 0
0 0
0 3
0 0
0 0
0 0
0 2
0 3
0 0
2 1
0 0
1 2
0 0
0 0
0 0
0 0
0 2
2 1
0 0
0 0
0 1
0 0
9 9
0 0
0 2
0 1
0 1
0 2
2 17
0 1
0 1
0 0
0 0
0 0
0 0
0 1
0 2
0 0
0 2
10 23
1 0
2 5
0 1
0 0
7 13
0 0
0 3
0 0
0 0
0 0
0 0
0 0
2 0
0 0
0 0
0 0
0 1
0 0
0 0
0 1
6 6
7 1
0 1
0 0
0 0
2 1
0 3
0 0
0 0
2 1
2 3
10 28
0 0
0 0
0 0
11 40
0 5
0 0
0 1
0 0
0 0
6 9
0 0
0 0
0 0
0 0
0 4
1 1
0 0
2 1
2 1
0 0
0 1
0 0
0 1
0 0
0 0
0 0
0 0
2 7
0 0
0 0
2 0
0 0
0 0
0 0
2 1
0 1
0 0
0 0
0 0
0 0
0 0
3 4
0 0
0 0
1 1
0 0
0 2
0 1
0 2
0 0
0 2
0 0
0 0
0 1
0 0
0 0
4 3
0 2
0 1
6 6
0 0
1 2
0 1
0 0
1 2
0 0
3 3
0 0
0 4
0 4
1 9
39 30
0 0
0 0
0 1
0 1
10 31
0 0
0 1
0 1
0 0
2 1
0 0
1 7
0 0
0 0
5 8
2 2
0 1
0 0
0 3
0 0
0 0
2 0
2 1
0 2
10 17
0 0
2 4
0 0
0 0
0 5
0 2
0 0
0 0
0 5
0 0
0 0
0 0
2 0
1 2
0 1
2 6
0 0
0 0
0 0
1 6
0 0
0 0
4 2
0 1
2 2
0 0
0 2
2 3
9 4
0 0
0 2
0 1
0 0
0 0
0 0
2 2
0 0
2 2
0 0
0 0
0 1
0 0
0 0
0 0
0 3
1 3
0 1
0 0
0 0
0 0
14 12
2 3
0 0
0 1
12 18
0 0
0 0
0 2
0 0
2 2
21 14
0 0
0 0
0 1
0 0
0 0
0 4
2 5
0 0
0 0
0 1
0 0
0 0
0 5
0 4
0 1
0 0
0 2
0 6
0 0
0 2
4 1
0 1
0 0
0 0
0 0
0 0
10 20
0 2
0 2
0 1
0 0
0 0
1 0
0 0
1 0
0 2
11 30
0 0
0 3
6 0
0 0
1 1
0 5
3 1
1 1
0 0
0 5
0 0
0 0
10 6
0 2
0 1
0 0
0 0
0 0
0 2
0 0
0 4
0 2
0 0
0 2
10 6
0 0
0 1
0 1
0 1
0 6
0 2
0 1
0 0
0 1
0 1
0 1
2 7
0 0
6 6
0 0
0 0
1 0
0 4
6 6
0 3
0 0
0 3
0 0
0 0
0 0
0 0
0 0
0 2
0 1
1 1
49 48
0 0
6 5
0 0
2 2
0 0
0 5
1 1
0 0
0 0
2 4
2 3
2 2
0 0
3 1
6 3
0 6
0 0
0 0
0 1
39 47
7 7
0 0
1 10
0 1
0 1
0 0
0 0
0 2
0 0
0 0
0 3
0 2
1 2
0 1
0 2
1 1
0 0
0 1
1 3
0 0
2 3
0 0
14 13
0 0
3 2
0 0
0 0
0 0
0 2
0 0
4 2
0 2
2 2
0 0
4 6
0 1
0 0
2 4
0 1
0 2
2 0
0 3
3 2
4 9
0 0
3 5
0 2
0 0
0 1
0 0
0 0
10 11
0 0
0 0
0 0
0 1
7 7
5 3
7 6
0 0
0 1
7 6
0 0
0 0
0 0
0 0
0 2
0 5
0 0
0 0
6 6
0 2
0 2
0 0
0 1
0 3
0 0
0 0
0 1
0 0
0 2
0 4
0 0
0 0
0 5
0 0
0 0
0 1
1 1
0 1
0 0
0 1
0 0
1 1
0 1
0 0
0 0
0 0
0 2
0 0
2 0
2 0
2 5
0 1
1 3
0 3
0 0
0 0
0 0
1 3
9 2
1 0
11 7
0 0
3 2
9 8
0 0
0 1
0 2
0 1
0 0
0 0
3 1
0 0
0 2
0 1
0 2
0 0
0 0
0 1
0 0
0 0
0 4
7 1
0 0
0 3
0 0
0 1
0 4
0 2
0 0
0 1
0 1
0 0
0 0
0 1
0 0
1 1
0 0
0 0
0 0
0 0
0 0
2 2
0 0
0 0
0 0
0 0
0 0
0 2
0 0
2 9
0 0
0 1
0 0
2 1
0 0
0 0
3 0
6 2
0 0
0 0
0 0
14 18
0 0
9 8
7 10
0 0
0 0
0 4
0 0
0 0
1 5
0 0
1 7
0 0
21 13
0 0
0 0
0 1
0 0
0 0
0 2
0 0
1 2
1 0
2 3
0 1
0 0
4 1
0 1
6 3
1 1
3 0
0 0
0 0
0 1
1 0
0 1
1 3
0 0
0 0
0 0
0 0
0 0
0 0
0 1
7 2
0 0
0 0
0 0
0 0
0 1
0 3
0 0
0 1
0 1
1 3
0 0
0 0
1 0
0 0
0 1
1 0
0 1
0 0
0 0
0 0
1 1
0 0
0 3
0 0
4 2
0 0
6 5
6 4
0 1
0 0
0 0
9 9
5 10
0 1
0 0
0 1
0 1
39 39
0 1
0 0
4 1
0 3
3 4
0 1
0 0
2 4
1 3
0 3
0 3
0 0
0 1
0 1
0 1
11 16
0 5
4 4
0 3
6 10
0 0
0 0
0 1
0 2
0 1
1 3
1 1
0 0
0 0
0 0
0 5
0 0
0 1
2 0
0 0
0 0
0 0
7 0
0 2
0 0
0 0
0 1
7 7
0 0
0 0
12 2
2 2
0 0
0 0
0 0
0 1
2 5
0 0
0 1
0 0
0 0
0 0
0 4
0 0
0 0
0 0
0 0
0 0
0 0
0 0
9 8
2 7
0 3
0 0
4 3
3 5
0 2
0 3
0 0
0 0
0 0
0 4
1 1
14 22
0 0
0 0
0 3
0 0
0 1
4 0
0 0
0 1
0 0
0 2
0 1
0 1
0 1
0 0
0 1
0 8
0 1
0 0
0 1
0 1
0 0
2 2
9 9
0 0
0 1
10 14
1 6
0 2
1 3
3 0
0 2
0 1
0 1
0 1
1 2
2 5
0 0
0 0
0 0
0 0
0 1
0 0
4 8
0 0
3 6
0 0
0 1
0 0
0 2
0 1
0 2
0 0
0 0
0 1
0 0
0 0
0 0
0 1
0 3
0 0
0 1
0 0
0 4
0 0
2 3
2 0
0 0
0 0
3 3
3 3
3 5
1 2
0 2
0 0
0 0
0 0
0 1
0 0
0 0
0 1
3 10
0 0
0 0
0 0
0 1
0 1
2 8
4 7
0 5
0 0
0 1
0 2
0 0
0 1
1 2
12 28
1 1
0 1
0 1
0 0
7 7
0 0
0 0
1 0
0 0
0 0
0 0
1 0
0 1
1 2
2 3
0 0
0 1
0 1
0 0
0 0
0 2
1 0
0 0
0 1
10 21
0 0
0 0
0 0
0 0
0 0
0 0
0 0
0 0
0 0
2 1
1 4
0 1
0 0
0 0
0 0
0 6
1 2
0 0
1 2
1 2
0 0
0 0
1 0
0 0
0 1
7 3
0 2
0 0
2 7
0 4
7 4
0 0
0 0
0 1
0 0
0 0
0 0
0 1
0 0
0 0
9 17
0 0
0 2
0 2
0 1
0 0
0 0
9 4
0 2
0 0
0 0
0 3
0 0
3 2
0 0
0 0
0 0
0 0
0 2
0 0
0 0
0 1
0 1
0 0
0 0
0 0
0 14
0 0
0 0
0 2
0 0
0 1
3 0
0 1
0 0
0 1
0 0
0 0
1 2
0 0
0 0
0 0
0 1
0 0
2 3
4 2
0 0
0 0
0 0
0 1
0 0
0 0
0 0
1 3
0 0
3 0
0 1
0 0
0 0
0 0
6 3
0 0
0 0
0 0
0 0
0 2
1 1
0 3
1 0
0 1
2 2
0 0
0 0
0 0
2 9
2 1
0 0
0 3
0 0
0 0
0 0
10 9
0 0
10 6
0 0
0 4
0 0
0 1
0 0
0 2
0 0
0 2
0 0
0 2
0 1
1 1
0 0
0 0
0 0
0 0
0 1
0 0
0 2
0 3
0 1
0 0
0 0
18 14
6 7
2 1
1 6
6 6
0 0
0 4
7 3
0 0
0 0
0 0
0 2
0 2
0 0
0 0
0 0
0 1
0 0
0 0
0 1
2 4
6 6
0 0
1 3
3 7
3 3
0 1
0 0
0 2
0 1
0 0
0 0
1 0
0 0
0 0
1 3
0 1
0 1
2 5
0 1
0 0
0 0
0 2
0 1
2 1
0 1
0 1
0 0
6 0
7 5
0 0
0 3
0 1
0 0
0 0
0 0
0 2
0 0
6 1
1 0
0 1
0 0
0 0
4 7
11 7
2 9
0 2
0 2
3 2
0 1
0 0
0 4
0 0
9 10
2 3
0 1
0 0
0 4
0 0
14 18
1 2
0 1
7 11
0 0
0 0
3 2
2 2
0 0
0 1
0 1
0 0
2 3
12 6
0 0
2 2
0 0
0 0
49 70
1 0
0 0
0 0
0 5
0 0
0 0
0 2
1 5
0 0
0 0
0 0
0 1
0 1
0 0
4 5
0 0
0 0
12 7
0 2
0 0
0 0
0 0
0 2
0 0
0 0
2 3
0 0
0 0
0 0
1 3
6 16
0 1
0 2
6 4
0 0
0 1
0 0
0 1
0 0
0 3
0 0
0 0
0 0
1 0
2 6
2 1
1 0
0 3
0 0
0 1
0 1
39 3
0 0
0 0
0 0
0 0
0 4
0 0
0 1
0 0
2 1
0 0
0 0
1 7
3 5
0 0
0 8
0 0
0 0
3 2
0 0
0 1
0 1
10 10
3 5
39 21
0 2
0 1
0 0
0 0
0 2
10 11
0 0
0 1
0 3
0 0
0 1
0 0
0 0
3 3
0 1
6 3
0 0
0 0
0 1
0 1
0 2
0 0
0 1
0 0
0 0
0 3
1 1
0 0
0 1
10 15
0 4
2 2
0 0
0 0
0 0
0 1
7 10
0 1
0 0
2 3
3 4
0 0
0 1
0 0
0 0
12 24
0 0
0 0
0 1
0 2
0 0
39 25
0 0
0 2
0 0
0 1
0 0
0 0
0 0
0 0
2 2
1 1
0 2
0 0
0 0
0 3
0 1
2 2
0 0
1 3
6 2
0 0
10 14
0 0
0 0
2 4
0 0
2 1
0 3
0 0
0 0
7 6
0 8
0 0
0 0
0 0
0 0
0 4
0 0
0 0
0 0
0 1
0 1
0 0
0 0
0 1
2 3
0 0
4 0
0 0
0 1
1 0
0 0
0 4
0 6
0 7
2 1
0 3
0 0
0 1
0 3
6 0
0 1
0 0
0 0
0 0
3 2
0 0
0 1
0 1
39 15
0 1
0 0
1 0
4 5
0 0
4 12
0 0
0 0
0 3
1 4
0 1
10 9
0 0
0 0
7 11
0 0
0 0
0 0
0 2
0 0
0 0
0 0
0 0
0 0
0 0
0 0
0 2
0 0
0 0
0 0
0 0
0 0
0 1
0 5
10 17
0 3
0 0
0 0
0 2
2 0
0 1
0 0
6 5
0 0
0 1
0 0
0 2
0 0
0 0
0 0
0 1
0 0
0 3
0 0
0 0
0 0
0 1
0 0
0 5
0 0
3 1
0 0
1 1
0 0
1 1
0 1
0 5
0 0
18 30
0 0
1 3
0 0
0 0
0 0
2 1
0 0
0 0
0 0
0 3
0 1
0 0
0 1
0 0
2 3
1 0
0 2
0 0
0 0
0 0
1 1
0 0
2 2
0 0
0 0
0 0
0 0
0 0
0 0
0 0
0 0
0 1
0 0
2 3
0 0
0 0
0 0
0 1
0 0
0 0
0 1
0 0
49 130
0 0
6 6
0 0
0 0
0 0
0 0
0 0
0 0
1 1
0 1
0 0
0 2
0 0
0 0
1 2
0 4
0 3
0 0
4 5
0 2
0 4
0 0
0 0
0 0
0 0
0 4
1 0
0 7
0 4
7 12
0 0
0 0
10 4
0 0
2 4
6 3
0 1
0 1
2 1
0 1
0 0
0 0
0 0
0 0
0 0
0 6
0 0
4 2
0 0
0 0
0 0
0 5
0 1
0 1
0 1
0 2
0 0
0 0
0 0
0 2
0 0
0 1
0 0
1 2
0 0
6 11
0 2
5 5
0 2
0 0
1 4
6 6
0 0
7 3
0 0
0 2
0 2
0 1
0 4
0 1
0 0
0 1
0 0
0 0
2 1
0 0
11 9
0 0
0 0
0 0
0 0
0 0
0 0
0 1
0 1
0 0
0 0
0 0
49 159
0 1
0 0
1 3
0 0
0 0
0 0
0 0
0 1
0 0
0 4
0 0
0 0
0 0
0 2
0 0
0 0
0 0
2 1
1 1
0 1
4 4
4 0
0 1
9 10
0 1
6 6
0 3
10 6
0 0
1 0
0 0
3 0
0 1
0 0
0 0
0 0
0 1
2 4
9 2
0 0
0 0
0 1
0 0
0 0
0 0
0 0
0 3
0 2
1 4
0 1
0 0
6 1
7 2
0 0
0 2
0 0
0 0
1 0
9 11
0 0
0 0
0 1
0 0
2 2
0 0
0 0
0 2
6 2
0 0
0 0
0 0
0 3
0 1
0 0
0 4
0 0
0 5
2 0
0 2
0 0
2 1
0 0
0 0
0 0
0 0
0 0
0 0
39 37
18 17
10 7
0 0
0 0
0 0
0 0
0 0
0 1
0 0
0 0
0 8
0 0
3 6
2 4
0 0
0 0
0 0
2 1
0 0
9 10
10 11
0 1
0 0
4 3
0 0
0 0
18 2
0 0
0 0
0 0
0 0
0 1
0 0
0 0
1 2
0 3
0 1
0 0
0 1
0 0
0 0
0 0
3 1
0 0
5 2
2 2
0 0
1 8
1 0
0 0
0 0
0 0
0 1
0 0
0 0
2 2
0 1
3 4
0 0
0 0
39 31
0 0
0 1
0 0
0 3
0 0
0 1
6 10
0 6
2 2
0 3
9 6
0 0
3 0
0 1
49 38
0 0
1 0
0 1
0 0
0 0
0 0
0 0
0 0
0 0
6 0
0 1
0 0
0 0
0 1
2 0
0 0
6 1
0 6
0 0
0 0
0 0
0 0
1 2
0 0
0 0
0 1
0 0
0 0
0 0
0 0
0 2
0 1
3 7
0 0
0 0
0 1
0 0
0 0
0 0
0 1
0 0
0 0
0 1
0 0
0 0
0 0
0 1
0 1
4 0
0 0
2 7
0 0
0 0
0 0
0 0
0 1
0 2
1 1
0 0
0 0
0 0
0 0
0 0
1 5
2 6
49 43
0 1
0 0
2 2
1 0
0 0
11 13
0 0
0 1
0 0
0 0
0 1
0 0
0 0
0 1
0 3
0 5
1 0
0 0
0 1
0 0
0 2
0 1
3 1
0 1
0 2
0 0
0 5
0 0
0 0
0 0
2 0
0 0
0 1
0 0
0 0
0 0
0 0
0 3
0 1
0 0
0 0
0 0
0 0
0 1
7 4
0 1
0 0
0 3
0 1
1 0
0 0
0 1
9 13
0 0
0 1
0 0
0 1
0 1
0 0
0 0
0 1
0 0
2 3
0 0
0 0
0 6
0 0
0 1
0 1
0 1
0 0
0 0
0 1
0 1
0 0
2 1
12 20
0 0
0 0
0 0
0 0
0 0
1 0
6 4
0 6
0 0
0 0
0 1
7 1
3 8
0 0
0 0
11 10
0 0
0 0
2 0
0 2
0 0
2 4
1 1
0 0
0 0
0 1
0 1
0 0
0 1
0 1
0 0
0 0
0 2
0 0
0 0
0 3
0 0
0 2
0 1
0 0
0 1
39 32
0 0
0 2
0 0
0 0
0 1
0 0
9 1
0 1
0 6
0 0
9 10
0 8
0 1
12 21
0 0
0 1
0 0
1 3
0 0
0 0
0 0
1 2
0 2
0 6
5 10
0 1
0 1
0 0
0 0
0 3
0 0
0 0
2 3
2 1
0 2
0 1
0 0
0 0
2 1
0 0
0 1
9 28
12 22
0 0
0 0
0 5
0 2
0 0
0 0
0 0
0 5
0 0
0 0
0 4
10 10
0 0
21 19
0 1
0 0
0 0
0 0
0 0
0 0
0 1
0 2
0 0
0 1
0 0
0 0
0 0
2 0
0 0
0 0
0 0
0 3
5 7
0 1
0 0
0 3
0 0
0 1
0 0
6 6
2 1
0 0
0 0
0 0
6 3
0 0
0 0
0 0
0 0
0 0
0 4
1 2
0 0
0 1
6 4
1 0
0 0
0 0
0 0
0 0
0 0
0 0
0 2
0 0
39 17
2 2
5 2
0 0
10 6
0 0
0 1
0 1
3 9
0 2
0 0
0 0
0 1
0 0
0 1
0 1
0 0
0 0
0 0
0 0
0 2
0 0
9 15
3 5
0 2
0 0
0 0
0 0
1 0
2 0
1 0
0 6
0 0
0 0
0 0
0 1
0 0
9 4
0 0
0 0
0 0
0 1
0 0
0 0
0 0
0 1
0 0
0 3
0 0
3 5
2 3
0 1
3 6
0 0
0 0
0 1
0 2
0 0
0 1
0 1
0 2
0 0
3 0
0 0
0 0
0 0
1 2
2 0
0 0
0 0
0 0
3 5
0 2
0 2
0 0
0 0
0 0
2 2
0 0
2 4
0 0
0 0
0 0
1 1
0 0
18 18
0 4
0 0
0 5
9 14
0 2
0 1
0 3
0 0
0 0
0 1
2 2
0 0
0 1
0 0
0 1
0 3
0 3
2 1
0 3
0 3
0 3
0 0
0 0
0 3
2 4
0 0
9 16
0 1
0 0
0 0
0 0
2 6
0 0
0 1
0 0
0 0
18 31
0 0
0 1
0 0
0 0
0 0
0 0
0 0
6 3
0 0
2 4
1 0
0 8
0 0
7 6
7 9
0 1
0 0
0 2
0 0
0 1
0 0
0 1
0 0
0 5
0 10
0 3
0 0
0 0
0 0
0 0
0 0
1 2
49 99
1 0
0 0
0 0
18 1
10 16
0 0
0 0
7 6
0 0
0 0
0 0
0 1
0 1
0 1
0 0
0 2
0 0
0 3
0 1
0 1
0 0
0 1
0 1
0 0
1 2
0 2
1 0
6 1
0 1
2 1
4 7
0 0
0 0
2 2
0 0
0 0
0 6
6 7
0 0
0 0
0 0
1 0
0 0
0 0
0 0
0 3
7 6
0 0
0 0
0 0
0 0
0 0
0 0
0 0
0 0
0 0
0 1
0 0
3 3
0 1
0 1
0 0
6 3
0 0
0 0
0 6
0 1
0 0
0 0
1 0
6 5
0 4
0 0
0 0
1 3
0 0
0 0
0 0
0 0
0 1
0 1
0 2
0 1
0 4
0 1
0 0
0 0
0 0
0 1
0 0
0 0
0 0
0 0
0 0
0 0
0 0
0 0
6 3
0 0
0 0
0 1
6 7
0 0
1 2
0 0
0 0
0 2
0 0
0 0
0 0
0 0
2 0
0 0
0 0
0 0
0 0
0 0
0 0
6 1
0 1
0 0
6 10
0 0
39 25
0 0
0 1
0 1
39 33
3 9
2 0
7 3
0 0
0 0
49 40
0 0
0 0
0 0
0 0
1 0
0 1
0 1
0 0
0 0
0 0
0 0
0 1
3 2
0 0
1 4
0 1
0 2
0 3
0 0
0 1
0 0
0 1
0 2
0 0
0 1
0 1
3 3
0 0
0 0
0 2
0 0
0 0
0 0
0 0
6 8
6 1
0 1
0 1
7 17
2 9
0 0
10 5
0 4
0 0
3 1
0 5
0 2
0 0
0 3
0 2
1 3
0 0
0 0
0 0
0 0
0 1
0 0
0 1
0 0
0 0
0 1
0 0
0 0
0 0
0 0
0 0
0 0
10 3
0 0
3 3
0 0
0 0
0 0
2 4
0 0
0 0
0 1
0 0
0 0
0 0
0 2
1 1
0 0
0 0
3 9
0 0
14 15
0 0
0 0
2 0
0 0
0 1
0 0
1 1
0 0
0 0
0 2
0 0
2 4
4 7
0 1
0 3
0 0
0 0
6 3
0 0
0 2
0 0
0 1
3 0
0 0
0 0
2 1
0 0
0 0
0 0
0 2
0 0
11 14
0 1
10 6
0 0
0 0
0 4
3 3
0 0
0 0
4 7
1 3
6 1
0 0
0 0
0 0
0 0
0 1
0 4
0 4
0 2
0 0
11 15
14 9
0 1
1 4
0 0
11 7
0 0
0 0
0 0
2 0
0 0
0 0
0 0
0 2
3 0
9 5
0 2
0 0
10 11
0 0
0 0
0 0
7 6
6 2
0 0
0 3
1 0
0 0
1 1
0 0
2 1
0 0
0 1
9 5
1 6
0 0
0 0
2 1
0 0
7 7
0 6
1 1
0 2
6 3
0 0
6 0
4 4
0 1
1 0
0 3
10 9
0 0
0 1
0 0
0 0
0 0
4 5
0 0
0 0
1 0
0 0
0 1
3 6
0 2
11 18
0 1
0 0
1 2
0 0
0 0
0 0
0 0
1 1
0 0
0 1
0 0
7 6
0 0
0 1
0 0
0 0
2 1
49 43
0 1
0 2
0 0
21 10
1 2
0 0
0 0
0 0
0 0
2 2
0 0
0 0
0 0
0 1
0 0
1 1
0 5
1 5
0 2
2 10
0 1
0 0
0 5
0 1
0 0
0 0
0 3
9 5
1 3
0 2
0 0
0 0
0 1
0 0
0 3
0 0
0 1
0 0
0 0
0 1
0 0
0 0
0 0
0 0
0 1
0 0
0 0
0 0
1 1
0 1
2 0
0 0
0 0
0 3
0 0
0 0
2 1
0 0
0 1
0 0
0 1
2 2
0 0
2 1
0 0
7 20
0 0
2 8
0 0
2 0
0 1
0 0
0 0
1 1
0 0
0 0
0 0
1 0
11 11
0 0
2 2
49 52
0 0
1 1
0 0
0 0
0 1
2 0
0 2
0 2
0 0
0 0
0 0
7 9
0 0
0 1
2 0
0 0
0 0
0 0
2 1
0 0
2 0
0 0
0 0
0 0
1 0
0 3
0 1
1 8
0 2
0 1
0 0
0 0
9 3
0 0
1 0
0 0
0 0
2 0
3 8
0 0
0 2
0 0
0 2
0 0
0 0
0 0
0 0
2 1
0 4
2 3
0 1
0 0
0 1
0 0
6 4
3 1
0 0
0 1
0 0
0 2
0 0
2 2
0 0
0 0
0 0
0 1
0 0
0 1
3 2
0 1
0 0
0 1
2 0
0 0
0 3
0 0
2 1
0 0
0 2
0 0
0 1
0 2
0 2
0 0
0 3
0 0
0 1
0 2
0 0
0 2
0 0
7 5
0 0
7 17
0 0
0 0
0 2
0 0
14 12
0 0
0 1
0 1
0 1
1 1
0 4
0 2
0 1
0 0
0 1
0 0
0 1
4 5
0 1
0 0
0 2
0 2
0 2
0 1
0 2
3 2
0 1
0 2
0 0
0 0
0 0
0 0
0 1
3 3
18 11
0 1
2 3
0 2
1 0
0 1
0 0
18 18
0 0
0 0
2 3
0 0
0 0
2 6
1 3
0 1
2 2
0 1
0 1
0 0
2 0
0 0
0 1
10 16
0 0
4 0
0 0
0 1
0 0
0 0
0 4
0 0
0 0
0 0
9 5
6 6
0 0
0 1
7 7
0 3
0 1
2 4
0 0
0 1
2 4
0 0
0 1
0 0
2 6
0 0
0 0
0 0
2 3
0 1
5 7
0 0
1 0
0 0
0 2
2 4
1 1
0 0
0 0
0 2
0 2
0 0
